order,row,code,brand,id,patent_number,year,appliant,description
1742641412-1,"Patent FR-Poenaru, applied in 1827, by Pierre Poyenar, Unbranded. Plume sans fin portative, s'alimentant d'encre d'elle même.",FR-Poenaru,Unbranded,1,FR-Poenaru,1827,Pierre Poyenar,"Plume sans fin portative, s'alimentant d'encre d'elle même."
1742641412-2,"Patent US-109257, applied in 1870, by Fridolin Schifferle, Unbranded. Improvement in fountain-pens.",US-109257,Unbranded,2,US-109257,1870,Fridolin Schifferle,Improvement in fountain-pens.
1742641412-3,"Patent US-112917, applied in 1871, by William S. Hicks, Hicks. Improvement in pencil-cases.",US-112917,Hicks,3,US-112917,1871,William S. Hicks,Improvement in pencil-cases.
1742641412-4,"Patent US-118367, applied in 1871, by John A. Holland, John Holland Pen Company. Improvement in pen-holders.",US-118367,John Holland Pen Company,4,US-118367,1871,John A. Holland,Improvement in pen-holders.
1742641412-5,"Patent US-120520, applied in 1871, by William S. Hicks, Hicks. Improvement in pen-and-pencil cases.",US-120520,Hicks,5,US-120520,1871,William S. Hicks,Improvement in pen-and-pencil cases.
1742641412-6,"Patent US-122047, applied in 1871, by Joseph Monaghan, Thomas Flynn, Edward Todd & Co. Improvements in pen and pencil case.",US-122047,Edward Todd & Co,6,US-122047,1871,Joseph Monaghan,Improvements in pen and pencil case.
1742641412-7,"Patent US-122169, applied in 1871, by William S. Hicks, Hicks. Improvement in pen-and-pencil cases.",US-122169,Hicks,7,US-122169,1871,William S. Hicks,Improvement in pen-and-pencil cases.
1742641412-8,"Patent US-132008, applied in 1872, by John A. Holland, John Holland Pen Company. Improvement in alloys for the manufacture of pens.",US-132008,John Holland Pen Company,8,US-132008,1872,John A. Holland,Improvement in alloys for the manufacture of pens.
1742641412-9,"Patent US-135118, applied in 1873, by John A. Holland, John Holland Pen Company. Improvement in writing-pens.",US-135118,John Holland Pen Company,9,US-135118,1873,John A. Holland,Improvement in writing-pens.
1742641412-10,"Patent US-148999, applied in 1873, by Adolphe Teysonnière, Unbranded. Improvements in inkstands.",US-148999,Unbranded,10,US-148999,1873,Adolphe Teysonnière,Improvements in inkstands.
1742641412-11,"Patent US-159513, applied in 1874, by John A. Holland, John Holland Pen Company. Pen and pencil-case.",US-159513,John Holland Pen Company,11,US-159513,1874,John A. Holland,Pen and pencil-case.
1742641412-12,"Patent US-174965, applied in 1875, by Duncan Mackinnon, MacKinnon. Improvements in fountain pen.",US-174965,MacKinnon,12,US-174965,1875,Duncan Mackinnon,Improvements in fountain pen.
1742641412-13,"Patent US-180715, applied in 1876, by John A. Holland, John Holland Pen Company. Pen and pencil case.",US-180715,John Holland Pen Company,13,US-180715,1876,John A. Holland,Pen and pencil case.
1742641412-14,"Patent US-189304, applied in 1876, by Alonzo T. Cross, Cross. Fountain-pens.",US-189304,Cross,14,US-189304,1876,Alonzo T. Cross,Fountain-pens.
1742641412-15,"Patent US-194158, applied in 1877, by George W. Mabie, Swan. Improvement in pen-holders.",US-194158,Swan,15,US-194158,1877,George W. Mabie,Improvement in pen-holders.
1742641412-16,"Patent US-199621, applied in 1877, by Alonzo T. Cross, Cross. Improvements in fountain-pens.",US-199621,Cross,16,US-199621,1877,Alonzo T. Cross,Improvements in fountain-pens.
1742641412-17,"Patent US-202654, applied in 1878, by John A. Holland, John Holland Pen Company. Pencil.",US-202654,John Holland Pen Company,17,US-202654,1878,John A. Holland,Pencil.
1742641412-18,"Patent US-202655, applied in 1878, by John A. Holland, John Holland Pen Company. Improvement in fountain-pens.",US-202655,John Holland Pen Company,18,US-202655,1878,John A. Holland,Improvement in fountain-pens.
1742641412-19,"Patent US-206200, applied in 1878, by William W. Stewart, Swan. Improvement in fountain-pen holders.",US-206200,Swan,19,US-206200,1878,William W. Stewart,Improvement in fountain-pen holders.
1742641412-20,"Patent US-D010872, applied in 1878, by Charles W. Gessner, Aikin Lambert. Design for pencil-cases.",US-D010872,Aikin Lambert,20,US-D010872,1878,Charles W. Gessner,Design for pencil-cases.
1742641412-21,"Patent US-211575, applied in 1878, by John A. Holland, John Holland Pen Company. Improvement in fountain-pens.",US-211575,John Holland Pen Company,21,US-211575,1878,John A. Holland,Improvement in fountain-pens.
1742641412-22,"Patent US-D010984, applied in 1878, by James C. Aikin, Aikin Lambert. Design for pencil-cases.",US-D010984,Aikin Lambert,22,US-D010984,1878,James C. Aikin,Design for pencil-cases.
1742641412-23,"Patent US-214795, applied in 1879, by William W. Stewart, Swan. Improvement in fountain-pen holder.",US-214795,Swan,23,US-214795,1879,William W. Stewart,Improvement in fountain-pen holder.
1742641412-24,"Patent US-217888, applied in 1879, by Duncan Mackinnon, MacKinnon. Improvements in stylographic fountain-pens.",US-217888,MacKinnon,24,US-217888,1879,Duncan Mackinnon,Improvements in stylographic fountain-pens.
1742641412-25,"Patent US-D011457, applied in 1879, by James C. Aikin, Aikin Lambert. Design for cases for watch-charms.",US-D011457,Aikin Lambert,25,US-D011457,1879,James C. Aikin,Design for cases for watch-charms.
1742641412-26,"Patent US-222959, applied in 1879, by William W. Stewart, Swan. Improvement in fountain-pens.",US-222959,Swan,26,US-222959,1879,William W. Stewart,Improvement in fountain-pens.
1742641412-27,"Patent US-D011737, applied in 1879, by James C. Aikin, Aikin Lambert. Design for barrel for pen and pencil cases.",US-D011737,Aikin Lambert,27,US-D011737,1879,James C. Aikin,Design for barrel for pen and pencil cases.
1742641412-28,"Patent US-D011806, applied in 1879, by James C. Aikin, Aikin Lambert. Design for barrel for pen and pencil cases.",US-D011806,Aikin Lambert,28,US-D011806,1879,James C. Aikin,Design for barrel for pen and pencil cases.
1742641412-29,"Patent US-237139, applied in 1880, by William W. Stewart, Swan. Fountain pen-holder.",US-237139,Swan,29,US-237139,1880,William W. Stewart,Fountain pen-holder.
1742641412-30,"Patent US-237454, applied in 1880, by William W. Stewart, Swan. Fountain-pen.",US-237454,Swan,30,US-237454,1880,William W. Stewart,Fountain-pen.
1742641412-31,"Patent US-241216, applied in 1880, by John A. Holland, John Holland Pen Company. Process of fusing and molding iridium.",US-241216,John Holland Pen Company,31,US-241216,1880,John A. Holland,Process of fusing and molding iridium.
1742641412-32,"Patent US-RE9890, applied in 1877, by Alonzo T. Cross, Cross. Stylographic pen.",US-RE9890,Cross,32,US-RE9890,1877,Alonzo T. Cross,Stylographic pen.
1742641412-33,"Patent US-253953, applied in 1881, by William W. Stewart, Swan. Fountain-pen.",US-253953,Swan,33,US-253953,1881,William W. Stewart,Fountain-pen.
1742641412-34,"Patent US-254175, applied in 1881, by William W. Stewart, Swan. Reservoir pen-holder.",US-254175,Swan,34,US-254175,1881,William W. Stewart,Reservoir pen-holder.
1742641412-35,"Patent US-255205, applied in 1881, by Marvin C. Stone, Unbranded. Fountain pen-holder.",US-255205,Unbranded,35,US-255205,1881,Marvin C. Stone,Fountain pen-holder.
1742641412-36,"Patent US-258298, applied in 1882, by John A. Holland, John Holland Pen Company. Pencil case.",US-258298,John Holland Pen Company,36,US-258298,1882,John A. Holland,Pencil case.
1742641412-37,"Patent US-258299, applied in 1878, by John A. Holland, John Holland Pen Company. Writing-point for stylographic pens.",US-258299,John Holland Pen Company,37,US-258299,1878,John A. Holland,Writing-point for stylographic pens.
1742641412-38,"Patent US-263392, applied in 1882, by Alonzo T. Cross, Cross. Lead and crayon holder.",US-263392,Cross,38,US-263392,1882,Alonzo T. Cross,Lead and crayon holder.
1742641412-39,"Patent US-264854, applied in 1882, by Francis C. Brown, Caw's. Stylographic Fountain-Pen.",US-264854,Caw's,39,US-264854,1882,Francis C. Brown,Stylographic Fountain-Pen.
1742641412-40,"Patent US-269290, applied in 1881, by John A. Holland, John Holland Pen Company. Pen.",US-269290,John Holland Pen Company,40,US-269290,1881,John A. Holland,Pen.
1742641412-41,"Patent US-275912, applied in 1881, by John A. Holland, John Holland Pen Company. Stylographic fountain-pen.",US-275912,John Holland Pen Company,41,US-275912,1881,John A. Holland,Stylographic fountain-pen.
1742641412-42,"Patent US-279388, applied in 1882, by John A. Holland, John Holland Pen Company. Pencil case.",US-279388,John Holland Pen Company,42,US-279388,1882,John A. Holland,Pencil case.
1742641412-43,"Patent US-285895, applied in 1882, by John A. Holland, John Holland Pen Company. Alloying iridium.",US-285895,John Holland Pen Company,43,US-285895,1882,John A. Holland,Alloying iridium.
1742641412-44,"Patent US-288290, applied in 1883, by Paul E. Wirt, Wirt. Fountain-pen.",US-288290,Wirt,44,US-288290,1883,Paul E. Wirt,Fountain-pen.
1742641412-45,"Patent US-292313, applied in 1882, by John A. Holland, John Holland Pen Company. Lead-holder for pencils.",US-292313,John Holland Pen Company,45,US-292313,1882,John A. Holland,Lead-holder for pencils.
1742641412-46,"Patent US-293545, applied in 1883, by Lewis E. Waterman, Waterman. Fountain-pen.",US-293545,Waterman,46,US-293545,1883,Lewis E. Waterman,Fountain-pen.
1742641412-47,"Patent US-295395, applied in 1883, by Hezekiah Hewitt, Ormiston & Glass. Metallic Pen.",US-295395,Ormiston & Glass,47,US-295395,1883,Hezekiah Hewitt,Metallic Pen.
1742641412-48,"Patent US-297420, applied in 1882, by Henry C. Klagges, Esterbrook. Fountain-Pen.",US-297420,Esterbrook,48,US-297420,1882,Henry C. Klagges,Fountain-Pen.
1742641412-49,"Patent US-298582, applied in 1883, by John A. Holland, John Holland Pen Company. Fountain-pen.",US-298582,John Holland Pen Company,49,US-298582,1883,John A. Holland,Fountain-pen.
1742641412-50,"Patent US-298767, applied in 1883, by James Morton, A. Morton & Co.. Fountain pen-holder.",US-298767,A. Morton & Co.,50,US-298767,1883,James Morton,Morton & Co.. Fountain pen-holder.
1742641412-51,"Patent US-307735, applied in 1883, by Lewis E. Waterman, Waterman. Fountain-pen.",US-307735,Waterman,51,US-307735,1883,Lewis E. Waterman,Fountain-pen.
1742641412-52,"Patent US-311554, applied in 1884, by Paul E. Wirt, Wirt. Fountain-pen.",US-311554,Wirt,52,US-311554,1884,Paul E. Wirt,Fountain-pen.
1742641412-53,"Patent US-314547, applied in 1884, by William W. Stewart, Swan. Fountain-pen.",US-314547,Swan,53,US-314547,1884,William W. Stewart,Fountain-pen.
1742641412-54,"Patent US-324393, applied in 1885, by Rhodes G. Lockwood, Sterling Fountain Pen. Inkstand.",US-324393,Sterling Fountain Pen,54,US-324393,1885,Rhodes G. Lockwood,Inkstand.
1742641412-55,"Patent US-330358, applied in 1885, by Paul E. Wirt, Wirt. Fountain-pen.",US-330358,Wirt,55,US-330358,1885,Paul E. Wirt,Fountain-pen.
1742641412-56,"Patent US-333104, applied in 1885, by Edward A. Brandeburg, Unbranded. Fountain attachment for pens.",US-333104,Unbranded,56,US-333104,1885,Edward A. Brandeburg,Fountain attachment for pens.
1742641412-57,"Patent US-356996, applied in 1886, by Frederick J. W. Fischer, Eagle. Holder for pens, pencils & C..",US-356996,Eagle,57,US-356996,1886,Frederick J. W. Fischer,"Holder for pens, pencils & C.."
1742641412-58,"Patent US-340865, applied in 1885, by Dewitt C. Demarest, Eagle. Fountain-pen.",US-340865,Eagle,58,US-340865,1885,Dewitt C. Demarest,Fountain-pen.
1742641412-59,"Patent US-345411, applied in 1886, by Francis C. Brown, Caw's. Fountain-pen.",US-345411,Caw's,59,US-345411,1886,Francis C. Brown,Fountain-pen.
1742641412-60,"Patent US-351033, applied in 1886, by John A. Holland, John Holland Pen Company. Fountain-pen.",US-351033,John Holland Pen Company,60,US-351033,1886,John A. Holland,Fountain-pen.
1742641412-61,"Patent US-353053, applied in 1886, by Dewitt C. Demarest, Eagle. Fountain-pen.",US-353053,Eagle,61,US-353053,1886,Dewitt C. Demarest,Fountain-pen.
1742641412-62,"Patent US-353399, applied in 1886, by Francis C. Brown, David W. Beaumel, Caw's. Fountain-pen.",US-353399,Caw's,62,US-353399,1886,Francis C. Brown,"Beaumel, Caw's. Fountain-pen."
1742641412-63,"Patent US-354664, applied in 1886, by William W. Stewart, Swan. Fountain pen-holder.",US-354664,Swan,63,US-354664,1886,William W. Stewart,Fountain pen-holder.
1742641412-64,"Patent US-358525, applied in 1886, by Paul E. Wirt, Wirt. Fountain-pen.",US-358525,Wirt,64,US-358525,1886,Paul E. Wirt,Fountain-pen.
1742641412-65,"Patent US-361493, applied in 1886, by Dewitt C. Demarest, Eagle. Fountain-pen.",US-361493,Eagle,65,US-361493,1886,Dewitt C. Demarest,Fountain-pen.
1742641412-66,"Patent US-374140, applied in 1887, by Francis C. Brown, Caw's. Fountain-pen.",US-374140,Caw's,66,US-374140,1887,Francis C. Brown,Fountain-pen.
1742641412-67,"Patent US-378986, applied in 1886, by William W. Stewart, Swan. Fountain-pen.",US-378986,Swan,67,US-378986,1886,William W. Stewart,Fountain-pen.
1742641412-68,"Patent US-378987, applied in 1887, by William W. Stewart, Swan. Fountain-pen.",US-378987,Swan,68,US-378987,1887,William W. Stewart,Fountain-pen.
1742641412-69,"Patent US-399306, applied in 1888, by Paul E. Wirt, Wirt. Fountain-pen.",US-399306,Wirt,69,US-399306,1888,Paul E. Wirt,Fountain-pen.
1742641412-70,"Patent US-408000, applied in 1888, by Dewitt C. Demarest, Eagle. Fountain-pen.",US-408000,Eagle,70,US-408000,1888,Dewitt C. Demarest,Fountain-pen.
1742641412-71,"Patent US-D019277, applied in 1889, by Edward Todd Jr., Swan. Design for foutain pen or pencil holder.",US-D019277,Swan,71,US-D019277,1889,Edward Todd Jr.,Design for foutain pen or pencil holder.
1742641412-72,"Patent US-D019278, applied in 1889, by Edward Todd Jr., Swan. Design for foutain pen or pencil holder.",US-D019278,Swan,72,US-D019278,1889,Edward Todd Jr.,Design for foutain pen or pencil holder.
1742641412-73,"Patent US-415838, applied in 1889, by John A. Holland, John Holland Pen Company. Fountain-pen.",US-415838,John Holland Pen Company,73,US-415838,1889,John A. Holland,Fountain-pen.
1742641412-74,"Patent US-416944, applied in 1888, by George S. Parker, The Parker Pen Company. Fountain pen.",US-416944,The Parker Pen Company,74,US-416944,1888,George S. Parker,Fountain pen.
1742641412-75,"Patent US-422474, applied in 1889, by Otto E. Weidlich, Weidlich. Fountain-pen.",US-422474,Weidlich,75,US-422474,1889,Otto E. Weidlich,Fountain-pen.
1742641412-76,"Patent US-423804, applied in 1889, by George S. Parker, The Parker Pen Company. Fountain-pen.",US-423804,The Parker Pen Company,76,US-423804,1889,George S. Parker,Fountain-pen.
1742641412-77,"Patent US-426813, applied in 1889, by John A. Holland, John Holland Pen Company. Fountain-pen.",US-426813,John Holland Pen Company,77,US-426813,1889,John A. Holland,Fountain-pen.
1742641412-78,"Patent US-426692, applied in 1889, by William W. Stewart, Swan. Fountain-pen.",US-426692,Swan,78,US-426692,1889,William W. Stewart,Fountain-pen.
1742641412-79,"Patent US-426758, applied in 1890, by Claes W. Boman, Eagle. Fountain-pen.",US-426758,Eagle,79,US-426758,1890,Claes W. Boman,Fountain-pen.
1742641412-80,"Patent US-428969, applied in 1889, by Norman C. Stiles, Unbranded. Fountain-pen.",US-428969,Unbranded,80,US-428969,1889,Norman C. Stiles,Fountain-pen.
1742641412-81,"Patent US-448360, applied in 1890, by John Oliphant, Conklin Pen Manufacturing Co.. Fountain-pen.",US-448360,Conklin Pen Manufacturing Co.,81,,,,
1742641412-82,"Patent US-455023, applied in 1890, by George S. Parker, The Parker Pen Company. Fountain-pen.",US-455023,The Parker Pen Company,82,US-455023,1890,George S. Parker,Fountain-pen.
1742641412-83,"Patent US-466950, applied in 1891, by William Thomas Shaw, De La Rue - Onoto. Fountain-pen.",US-466950,De La Rue - Onoto,83,US-466950,1891,William Thomas Shaw,Fountain-pen.
1742641412-84,"Patent US-474940, applied in 1891, by John S. Barnes, Waterman. Pocket-case for bottle.",US-474940,Waterman,84,US-474940,1891,John S. Barnes,Pocket-case for bottle.
1742641412-85,"Patent US-478653, applied in 1890, by William W. Stewart, Swan. Fountain-pen.",US-478653,Swan,85,US-478653,1890,William W. Stewart,Fountain-pen.
1742641412-86,"Patent US-480751, applied in 1890, by William W. Stewart, Swan. Fountain-pen.",US-480751,Swan,86,US-480751,1890,William W. Stewart,Fountain-pen.
1742641412-87,"Patent US-485795, applied in 1892, by John A. Holland, John Holland Pen Company. Fountain-pen.",US-485795,John Holland Pen Company,87,US-485795,1892,John A. Holland,Fountain-pen.
1742641412-88,"Patent US-491795, applied in 1890, by David W. Beaumel, Beaumel. Fountain-pen.",US-491795,Beaumel,88,US-491795,1890,David W. Beaumel,Fountain-pen.
1742641412-89,"Patent US-510145, applied in 1893, by Woodruf Post, Post Fountain Pen. Fountain-pen.",US-510145,Post Fountain Pen,89,US-510145,1893,Woodruf Post,Fountain-pen.
1742641412-90,"Patent CH-6035, applied in 1892, Roeder. Federförmiges Schreibwerkzeug aus Aluminium zum Schreiben auf Schiefertafeln.",CH-6035,Roeder,90,,,,
1742641412-91,"Patent US-501895, applied in 1893, by Morris W. Moore, Moore Pen Company. Fountain-pen.",US-501895,Moore Pen Company,91,US-501895,1893,Morris W. Moore,Fountain-pen.
1742641412-92,"Patent US-507348, applied in 1893, by David W. Beaumel, Beaumel. Stylographic pen.",US-507348,Beaumel,92,US-507348,1893,David W. Beaumel,Stylographic pen.
1742641412-93,"Patent US-510439, applied in 1892, by George S. Parker, The Parker Pen Company. Fountain-pen.",US-510439,The Parker Pen Company,93,US-510439,1892,George S. Parker,Fountain-pen.
1742641412-94,"Patent US-512319, applied in 1893, by George S. Parker, The Parker Pen Company. Fountain-pen.",US-512319,The Parker Pen Company,94,US-512319,1893,George S. Parker,Fountain-pen.
1742641412-95,"Patent US-542450, applied in 1894, by William W. Stewart, Swan. Fountain-pen.",US-542450,Swan,95,US-542450,1894,William W. Stewart,Fountain-pen.
1742641412-96,"Patent US-523234, applied in 1894, by Edward G. Peck, Frederick O'Meara, A. A. Waterman. Fountain-pen.",US-523234,A. A. Waterman,96,US-523234,1894,Edward G. Peck,A. Waterman. Fountain-pen.
1742641412-97,"Patent US-525895, applied in 1894, by Eugene M. Gordon, Unbranded. Fountain-pen.",US-525895,Unbranded,97,US-525895,1894,Eugene M. Gordon,Fountain-pen.
1742641412-98,"Patent US-526425, applied in 1893, by Paul E. Wirt, Wirt. Fountain-pen.",US-526425,Wirt,98,US-526425,1893,Paul E. Wirt,Fountain-pen.
1742641412-99,"Patent US-526426, applied in 1893, by Paul E. Wirt, Wirt. Fountain-pen.",US-526426,Wirt,99,US-526426,1893,Paul E. Wirt,Fountain-pen.
1742641412-100,"Patent US-526427, applied in 1893, by Paul E. Wirt, Wirt. Fountain-pen.",US-526427,Wirt,100,US-526427,1893,Paul E. Wirt,Fountain-pen.
1742641412-101,"Patent US-526428, applied in 1894, by Paul E. Wirt, Wirt. Fountain-pen.",US-526428,Wirt,101,US-526428,1894,Paul E. Wirt,Fountain-pen.
1742641412-102,"Patent US-533350, applied in 1893, by Walter F. Cushing, Moore Pen Company. Fountain-pen.",US-533350,Moore Pen Company,102,US-533350,1893,Walter F. Cushing,Fountain-pen.
1742641412-103,"Patent US-533942, applied in 1894, by Francis C. Brown, Caw's. Fountain-pen.",US-533942,Caw's,103,US-533942,1894,Francis C. Brown,Fountain-pen.
1742641412-104,"Patent US-549166, applied in 1895, by William W. Stewart, Swan. Fountain-pen.",US-549166,Swan,104,US-549166,1895,William W. Stewart,Fountain-pen.
1742641412-105,"Patent US-551895, applied in 1895, by Henry Horton, Edward G. Peck, A. A. Waterman. Fountain-pen.",US-551895,A. A. Waterman,105,US-551895,1895,Henry Horton,"Peck, A. A. Waterman. Fountain-pen."
1742641412-106,"Patent US-556522, applied in 1895, by Otto E. Weidlich, Weidlich. Fountain-pen.",US-556522,Weidlich,106,US-556522,1895,Otto E. Weidlich,Fountain-pen.
1742641412-107,"Patent US-559034, applied in 1894, by James W. Laughlin, Laughlin. Fountain pen.",US-559034,Laughlin,107,US-559034,1894,James W. Laughlin,Fountain pen.
1742641412-108,"Patent US-559422, applied in 1895, by Lewis E. Waterman, Waterman. Fountain-pen.",US-559422,Waterman,108,US-559422,1895,Lewis E. Waterman,Fountain-pen.
1742641412-109,"Patent US-564938, applied in 1896, by Amos J. Scritchfield, Unbranded. Fountain-pen.",US-564938,Unbranded,109,US-564938,1896,Amos J. Scritchfield,Fountain-pen.
1742641412-110,"Patent US-567151, applied in 1894, by Morris W. Moore, Moore Pen Company. Fountain-pen.",US-567151,Moore Pen Company,110,US-567151,1894,Morris W. Moore,Fountain-pen.
1742641412-111,"Patent US-567152, applied in 1894, by Morris W. Moore, Moore Pen Company. Fountain-pen.",US-567152,Moore Pen Company,111,US-567152,1894,Morris W. Moore,Fountain-pen.
1742641412-112,"Patent US-578054, applied in 1896, by William I. Ferris, Waterman. Fountain-pen.",US-578054,Waterman,112,US-578054,1896,William I. Ferris,Fountain-pen.
1742641412-113,"Patent DE-92299, applied in 1895, Klio-Werk. Federhalter mit Tintenbehälter.",DE-92299,Klio-Werk,113,,,,
1742641412-114,"Patent US-588708, applied in 1896, by William W. Stewart, Swan. Fountain-pen.",US-588708,Swan,114,US-588708,1896,William W. Stewart,Fountain-pen.
1742641412-115,"Patent US-588709, applied in 1897, by William W. Stewart, Swan. Fountain-pen.",US-588709,Swan,115,US-588709,1897,William W. Stewart,Fountain-pen.
1742641412-116,"Patent CH-13885, applied in 1897, by Eduard Reisert, Klio-Werk. Federhalter mit Tintenbehälter.",CH-13885,Klio-Werk,116,CH-13885,1897,Eduard Reisert,Federhalter mit Tintenbehälter.
1742641412-117,"Patent US-592847, applied in 1897, by Arthur A. Waterman, A. A. Waterman. Fountain-pen.",US-592847,A. A. Waterman,117,US-592847,1897,Arthur A. Waterman,A. Waterman. Fountain-pen.
1742641412-118,"Patent US-595373, applied in 1896, by Alonzo T. Cross, Cross. Fountain-pen.",US-595373,Cross,118,US-595373,1896,Alonzo T. Cross,Fountain-pen.
1742641412-119,"Patent US-599590, applied in 1897, by Claes W. Boman, Eagle. Fountain-pen.",US-599590,Eagle,119,US-599590,1897,Claes W. Boman,Fountain-pen.
1742641412-120,"Patent US-599591, applied in 1897, by Claes W. Boman, Eagle. Fountain-pen.",US-599591,Eagle,120,US-599591,1897,Claes W. Boman,Fountain-pen.
1742641412-121,"Patent US-599592, applied in 1897, by Claes W. Boman, Eagle. Fountain-pen.",US-599592,Eagle,121,US-599592,1897,Claes W. Boman,Fountain-pen.
1742641412-122,"Patent US-599616, applied in 1897, by Eveline C. Lindley, Eagle. Holder for pencils, &c..",US-599616,Eagle,122,US-599616,1897,Eveline C. Lindley,"Holder for pencils, &c.."
1742641412-123,"Patent US-603463, applied in 1897, by David W. Beaumel, Beaumel. Fountain-pen.",US-603463,Beaumel,123,US-603463,1897,David W. Beaumel,Fountain-pen.
1742641412-124,"Patent DK-1592C, applied in 1897, by Eduard Reisert, Klio-Werk. Penneskaft med Blækbeholder.",DK-1592C,Klio-Werk,124,DK-1592C,1897,Eduard Reisert,Penneskaft med Blækbeholder.
1742641412-125,"Patent US-604690, applied in 1895, by Lewis E. Waterman, Waterman. Fountain-pen.",US-604690,Waterman,125,US-604690,1895,Lewis E. Waterman,Fountain-pen.
1742641412-126,"Patent US-D028838, applied in 1898, by Le Roy C. Fairchild, Unbranded. Design for a pencil-case barrel.",US-D028838,Unbranded,126,US-D028838,1898,Le Roy C. Fairchild,Design for a pencil-case barrel.
1742641412-127,"Patent US-606231, applied in 1897, by George S. Parker, The Parker Pen Company. Fountain-pen.",US-606231,The Parker Pen Company,127,US-606231,1897,George S. Parker,Fountain-pen.
1742641412-128,"Patent US-607397, applied in 1897, by Lewis E. Waterman, Waterman. Fountain-pen.",US-607397,Waterman,128,US-607397,1897,Lewis E. Waterman,Fountain-pen.
1742641412-129,"Patent US-607398, applied in 1897, by Lewis E. Waterman, Waterman. Fountain pen.",US-607398,Waterman,129,US-607398,1897,Lewis E. Waterman,Fountain pen.
1742641412-130,"Patent US-607399, applied in 1897, by Lewis E. Waterman, Waterman. Fountain-pen.",US-607399,Waterman,130,US-607399,1897,Lewis E. Waterman,Fountain-pen.
1742641412-131,"Patent US-607400, applied in 1897, by Lewis E. Waterman, Waterman. Fountain-pen.",US-607400,Waterman,131,US-607400,1897,Lewis E. Waterman,Fountain-pen.
1742641412-132,"Patent US-607401, applied in 1897, by Lewis E. Waterman, Waterman. Fountain-pen.",US-607401,Waterman,132,US-607401,1897,Lewis E. Waterman,Fountain-pen.
1742641412-133,"Patent DE-99102, applied in 1897, by Auguste Henri Garot, Unbranded. Ziehfeder.",DE-99102,Unbranded,133,DE-99102,1897,Auguste Henri Garot,Ziehfeder.
1742641412-134,"Patent US-610428, applied in 1898, by Claes W. Boman, Eagle. Fountain-pen.",US-610428,Eagle,134,US-610428,1898,Claes W. Boman,Fountain-pen.
1742641412-135,"Patent US-612013, applied in 1897, by Francis C. Brown, Caw's, Waterman. Fountain-pen.",US-612013,Caw's,135,US-612013,1897,Francis C. Brown,Fountain-pen.
1742641412-136,"Patent US-614630, applied in 1898, by William W. Stewart, Swan. Fountain-pen.",US-614630,Swan,136,US-614630,1898,William W. Stewart,Fountain-pen.
1742641412-137,"Patent US-D029964, applied in 1898, by Theodore E. Smith, Spencerian. Design for a writing-pen.",US-D029964,Spencerian,137,US-D029964,1898,Theodore E. Smith,Design for a writing-pen.
1742641412-138,"Patent US-619701, applied in 1897, by Arthur A. Waterman, A. A. Waterman, Sterling Fountain Pen. Fountain-pen.",US-619701,A. A. Waterman,138,US-619701,1897,Arthur A. Waterman,"A. Waterman, Sterling Fountain Pen. Fountain-pen."
1742641412-139,"Patent US-619702, applied in 1897, by Arthur A. Waterman, A. A. Waterman, Sterling Fountain Pen. Fountain-pen.",US-619702,A. A. Waterman,139,US-619702,1897,Arthur A. Waterman,"A. Waterman, Sterling Fountain Pen. Fountain-pen."
1742641412-140,"Patent GB-189902000, applied in 1899, by Eduard Reisert, Klio-Werk. Improvement in Fountain-pens.",GB-189902000,Klio-Werk,140,GB-189902000,1899,Eduard Reisert,Improvement in Fountain-pens.
1742641412-141,"Patent US-622256, applied in 1898, by George S. Parker, The Parker Pen Company. Fountain-pen.",US-622256,The Parker Pen Company,141,US-622256,1898,George S. Parker,Fountain-pen.
1742641412-142,"Patent US-625722, applied in 1898, by William I. Ferris, Waterman. Fountain-pen.",US-625722,Waterman,142,US-625722,1898,William I. Ferris,Fountain-pen.
1742641412-143,"Patent US-629519, applied in 1899, by Stephen J. Meyerpeter, The Parker Pen Company. Fountain-pen.",US-629519,The Parker Pen Company,143,US-629519,1899,Stephen J. Meyerpeter,Fountain-pen.
1742641412-144,"Patent CH-282E, applied in 1899, by Eduard Reisert, Klio-Werk. Federhalter mit Tintenbehälter.",CH-282E,Klio-Werk,144,CH-282E,1899,Eduard Reisert,Federhalter mit Tintenbehälter.
1742641412-145,"Patent US-630526, applied in 1899, by William W. Stewart, Swan. Self-filling fountain-pen.",US-630526,Swan,145,US-630526,1899,William W. Stewart,Self-filling fountain-pen.
1742641412-146,"Patent US-630527, applied in 1899, by William W. Stewart, Swan. Self-filling fountain-pen.",US-630527,Swan,146,US-630527,1899,William W. Stewart,Self-filling fountain-pen.
1742641412-147,"Patent US-631824, applied in 1899, by Robert P. Robinson, Unbranded. Fountain-pen.",US-631824,Unbranded,147,US-631824,1899,Robert P. Robinson,Fountain-pen.
1742641412-148,"Patent US-631909, applied in 1898, by William W. Stewart, Swan. Fountain-pen.",US-631909,Swan,148,US-631909,1898,William W. Stewart,Fountain-pen.
1742641412-149,"Patent US-632320, applied in 1899, by Edgar E. Nelthorpe, George H. Williamson, Williamson Pen Co.. Fountain-pen.",US-632320,Williamson Pen Co.,149,US-632320,1899,Edgar E. Nelthorpe,"Williamson, Williamson Pen Co.. Fountain-pen."
1742641412-150,"Patent US-632633, applied in 1899, by Claes W. Boman, Eagle. Fountain-pen.",US-632633,Eagle,150,US-632633,1899,Claes W. Boman,Fountain-pen.
1742641412-151,"Patent AT-179B, applied in 1897, by Eduard Reisert, Klio-Werk. Füllfederhalter.",AT-179B,Klio-Werk,151,AT-179B,1897,Eduard Reisert,Füllfederhalter.
1742641412-152,"Patent US-633538, applied in 1897, by Arthur A. Waterman, Frederick W. Stevens, A. A. Waterman, Sterling Fountain Pen. Fountain-pen.",US-633538,A. A. Waterman,152,US-633538,1897,Arthur A. Waterman,"Stevens, A. A. Waterman, Sterling Fountain Pen. Fountain-pen."
1742641412-153,"Patent US-634013, applied in 1899, by Oliver R. Mitchell, Sterling Fountain Pen. Fountain-pen.",US-634013,Sterling Fountain Pen,153,US-634013,1899,Oliver R. Mitchell,Fountain-pen.
1742641412-154,"Patent US-634029, applied in 1897, by Eduard Reisert, Klio-Werk. Fountain-pen.",US-634029,Klio-Werk,154,US-634029,1897,Eduard Reisert,Fountain-pen.
1742641412-155,"Patent US-634398, applied in 1899, by Dewitt C. Demarest, Eagle. Fountain-pen.",US-634398,Eagle,155,US-634398,1899,Dewitt C. Demarest,Fountain-pen.
1742641412-156,"Patent US-635700, applied in 1899, by George S. Parker, The Parker Pen Company. Fountain-pen.",US-635700,The Parker Pen Company,156,US-635700,1899,George S. Parker,Fountain-pen.
1742641412-157,"Patent AT-398B, applied in 1899, by Eduard Reisert, Klio-Werk. Füllfederhalter.",AT-398B,Klio-Werk,157,AT-398B,1899,Eduard Reisert,Füllfederhalter.
1742641412-158,"Patent US-638779, applied in 1899, by Arthur A. Waterman, A. A. Waterman. Fountain-pen.",US-638779,A. A. Waterman,158,US-638779,1899,Arthur A. Waterman,A. Waterman. Fountain-pen.
1742641412-159,"Patent DK-2722C, applied in 1898, by Eduard Reisert, Klio-Werk. Penneskaft med Blækbeholder.",DK-2722C,Klio-Werk,159,DK-2722C,1898,Eduard Reisert,Penneskaft med Blækbeholder.
1742641412-160,"Patent GB-189923550, applied in 1899, by Johannes Paul Steinbach, Karl Hermann Strache, Unbranded. Improvements in Fountain Penholders.",GB-189923550,Unbranded,160,GB-189923550,1899,Johannes Paul Steinbach,Improvements in Fountain Penholders.
1742641412-161,"Patent US-642151, applied in 1899, by George S. Parker, The Parker Pen Company. Fountain-pen.",US-642151,The Parker Pen Company,161,US-642151,1899,George S. Parker,Fountain-pen.
1742641412-162,"Patent US-646383, applied in 1897, by William I. Ferris, Waterman. Fountain-pen.",US-646383,Waterman,162,US-646383,1897,William I. Ferris,Fountain-pen.
1742641412-163,"Patent US-648839, applied in 1900, by Claes W. Boman, Eagle. Fountain-pen.",US-648839,Eagle,163,US-648839,1900,Claes W. Boman,Fountain-pen.
1742641412-164,"Patent US-651735, applied in 1899, by Paul E. Wirt, Wirt. Fountain pen.",US-651735,Wirt,164,US-651735,1899,Paul E. Wirt,Fountain pen.
1742641412-165,"Patent US-651736, applied in 1899, by Paul E. Wirt, Wirt. Fountain-pen.",US-651736,Wirt,165,US-651736,1899,Paul E. Wirt,Fountain-pen.
1742641412-166,"Patent US-651737, applied in 1900, by Paul E. Wirt, Wirt. Fountain-pen.",US-651737,Wirt,166,US-651737,1900,Paul E. Wirt,Fountain-pen.
1742641412-167,"Patent US-651738, applied in 1900, by Paul E. Wirt, Wirt. Fountain-pen.",US-651738,Wirt,167,US-651738,1900,Paul E. Wirt,Fountain-pen.
1742641412-168,"Patent US-653818, applied in 1900, by George S. Parker, The Parker Pen Company. Fountain-pen.",US-653818,The Parker Pen Company,168,US-653818,1900,George S. Parker,Fountain-pen.
1742641412-169,"Patent US-655423, applied in 1900, by Henry J. Upton, Sterling Fountain Pen. Fountain-pen.",US-655423,Sterling Fountain Pen,169,US-655423,1900,Henry J. Upton,Fountain-pen.
1742641412-170,"Patent US-657483, applied in 1896, by Alonzo T. Cross, Cross. Fountain-pen.",US-657483,Cross,170,US-657483,1896,Alonzo T. Cross,Fountain-pen.
1742641412-171,"Patent US-662796, applied in 1900, by Samuel Kraus, Eagle. Fountain-pen.",US-662796,Eagle,171,US-662796,1900,Samuel Kraus,Fountain-pen.
1742641412-172,"Patent US-655736, applied in 1900, by Eduard Reisert, Klio-Werk. Fountain-pen.",US-655736,Klio-Werk,172,US-655736,1900,Eduard Reisert,Fountain-pen.
1742641412-173,"Patent US-668759, applied in 1900, by William W. Stewart, Swan. Fountain-pen.",US-668759,Swan,173,US-668759,1900,William W. Stewart,Fountain-pen.
1742641412-174,"Patent US-668760, applied in 1900, by William W. Stewart, Swan. Fountain-pen.",US-668760,Swan,174,US-668760,1900,William W. Stewart,Fountain-pen.
1742641412-175,"Patent US-670088, applied in 1900, by Harry W. Stone, A. A. Waterman. Fountain-pen.",US-670088,A. A. Waterman,175,US-670088,1900,Harry W. Stone,A. Waterman. Fountain-pen.
1742641412-176,"Patent AT-3719B, applied in 1900, by Eduard Reisert, Klio-Werk. Vorrichtung zum Rückbefördern der Tinte bei Füllfederhaltern.",AT-3719B,Klio-Werk,176,AT-3719B,1900,Eduard Reisert,Vorrichtung zum Rückbefördern der Tinte bei Füllfederhaltern.
1742641412-177,"Patent US-673359, applied in 1900, by Franklin S. Cooley, Franklin Fountain Pen. Fountain-pen.",US-673359,Franklin Fountain Pen,177,US-673359,1900,Franklin S. Cooley,Fountain-pen.
1742641412-178,"Patent US-673451, applied in 1899, by Eduard Reisert, Klio-Werk. Fountain-pen.",US-673451,Klio-Werk,178,US-673451,1899,Eduard Reisert,Fountain-pen.
1742641412-179,"Patent GB-190108860, applied in 1901, by William Wells Sanford, Sanford and Bennet. Improvements in Stylographic Pens.",GB-190108860,Sanford and Bennet,179,GB-190108860,1901,William Wells Sanford,Improvements in Stylographic Pens.
1742641412-180,"Patent US-675698, applied in 1900, by Paul E. Wirt, Wirt. Fountain-pen.",US-675698,Wirt,180,US-675698,1900,Paul E. Wirt,Fountain-pen.
1742641412-181,"Patent US-675699, applied in 1900, by Paul E. Wirt, Wirt. Fountain-pen.",US-675699,Wirt,181,US-675699,1900,Paul E. Wirt,Fountain-pen.
1742641412-182,"Patent DE-121245, applied in 1900, by Eduard Reisert, Klio-Werk. Füllfederhalter mit Schreibstifteinsatz.",DE-121245,Klio-Werk,182,DE-121245,1900,Eduard Reisert,Füllfederhalter mit Schreibstifteinsatz.
1742641412-183,"Patent US-677008, applied in 1900, by Walter W. Winton, Eagle. Fountain-pen.",US-677008,Eagle,183,US-677008,1900,Walter W. Winton,Fountain-pen.
1742641412-184,"Patent US-678547, applied in 1901, by Seth S. Crocker, Crocker. Fountain-pen.",US-678547,Crocker,184,US-678547,1901,Seth S. Crocker,Fountain-pen.
1742641412-185,"Patent US-679790, applied in 1901, by William W. Stewart, Swan. Fountain-pen.",US-679790,Swan,185,US-679790,1901,William W. Stewart,Fountain-pen.
1742641412-186,"Patent US-680117, applied in 1901, by Claes W. Boman, Eagle. Fountain-pen.",US-680117,Eagle,186,US-680117,1901,Claes W. Boman,Fountain-pen.
1742641412-187,"Patent GB-190006677, applied in 1900, by Eduard Reisert, Klio-Werk. Improvement in Fountain-pens.",GB-190006677,Klio-Werk,187,GB-190006677,1900,Eduard Reisert,Improvement in Fountain-pens.
1742641412-188,"Patent GB-190023217, applied in 1900, by Eduard Reisert, Klio-Werk. Combined Fountain-pen and Pencil.",GB-190023217,Klio-Werk,188,GB-190023217,1900,Eduard Reisert,Combined Fountain-pen and Pencil.
1742641412-189,"Patent US-683763, applied in 1901, by John A. Holland, John Holland Pen Company. Pen protector for penholders.",US-683763,John Holland Pen Company,189,US-683763,1901,John A. Holland,Pen protector for penholders.
1742641412-190,"Patent US-685258, applied in 1901, by Roy Conklin, Conklin Pen Manufacturing Co.. Self-filling fountain pen.",US-685258,Conklin Pen Manufacturing Co.,190,US-685258,1901,Roy Conklin,Self-filling fountain pen
1742641412-191,"Patent US-686920, applied in 1901, by Joseph F. Betzler, Laughlin. Fountain-pen.",US-686920,Laughlin,191,US-686920,1901,Joseph F. Betzler,Fountain-pen.
1742641412-192,"Patent US-691974, applied in 1901, by William W. Sanford, Sanford and Bennet. Fountain-pen.",US-691974,Sanford and Bennet,192,US-691974,1901,William W. Sanford,Fountain-pen.
1742641412-193,"Patent US-692009, applied in 1898, by Frederick Gilbert, Waterman. Safety fountain-pen.",US-692009,Waterman,193,US-692009,1898,Frederick Gilbert,Safety fountain-pen.
1742641412-194,"Patent US-697975, applied in 1901, by Francis C. Brown, Caw's. Fountain-pen.",US-697975,Caw's,194,US-697975,1901,Francis C. Brown,Fountain-pen.
1742641412-195,"Patent US-698859, applied in 1901, by William W. Sanford, Sanford and Bennet. Fountain-pen.",US-698859,Sanford and Bennet,195,US-698859,1901,William W. Sanford,Fountain-pen.
1742641412-196,"Patent US-698881, applied in 1896, by Lewis E. Waterman, Waterman. Fountain-pen.",US-698881,Waterman,196,US-698881,1896,Lewis E. Waterman,Fountain-pen.
1742641412-197,"Patent US-698882, applied in 1898, by Lewis E. Waterman, Waterman. Safety fountain-pen.",US-698882,Waterman,197,US-698882,1898,Lewis E. Waterman,Safety fountain-pen.
1742641412-198,"Patent AT-7500B, applied in 1900, by Eduard Reisert, Klio-Werk. Füllfederhalter mit Schreibstift.",AT-7500B,Klio-Werk,198,AT-7500B,1900,Eduard Reisert,Füllfederhalter mit Schreibstift.
1742641412-199,"Patent US-700909, applied in 1901, by William G. Frazer, A. A. Waterman. Fountain-pen.",US-700909,A. A. Waterman,199,US-700909,1901,William G. Frazer,A. Waterman. Fountain-pen.
1742641412-200,"Patent GB-190209634, applied in 1902, by William Wells Sanford, Sanford and Bennet. Improvements in Fountain Pens.",GB-190209634,Sanford and Bennet,200,GB-190209634,1902,William Wells Sanford,Improvements in Fountain Pens.
1742641412-201,"Patent US-703418, applied in 1902, by John A. Holland, John Holland Pen Company. Fountain-pen.",US-703418,John Holland Pen Company,201,US-703418,1902,John A. Holland,Fountain-pen.
1742641412-202,"Patent US-703479, applied in 1902, by William W. Sanford, Sanford and Bennet. Fountain-pen.",US-703479,Sanford and Bennet,202,US-703479,1902,William W. Sanford,Fountain-pen.
1742641412-203,"Patent US-706140, applied in 1901, by Paul E. Wirt, Wirt. Fountain-pen.",US-706140,Wirt,203,US-706140,1901,Paul E. Wirt,Fountain-pen.
1742641412-204,"Patent US-706141, applied in 1901, by Paul E. Wirt, Wirt. Fountain-pen.",US-706141,Wirt,204,US-706141,1901,Paul E. Wirt,Fountain-pen.
1742641412-205,"Patent US-711988, applied in 1902, by George W. Mabie, Swan. Fountain-penholder.",US-711988,Swan,205,US-711988,1902,George W. Mabie,Fountain-penholder.
1742641412-206,"Patent US-714283, applied in 1901, by Alonzo T. Cross, Cross. Fountain-pen.",US-714283,Cross,206,US-714283,1901,Alonzo T. Cross,Fountain-pen.
1742641412-207,"Patent CH-24220, applied in 1901, by Georg Fend, Karl Fend, Fend. Fallstifthalter.",CH-24220,Fend,207,CH-24220,1901,Georg Fend,Fallstifthalter.
1742641412-208,"Patent US-716489, applied in 1902, by John Slater, Swan. Means for attaching caps to fountain or other pens.",US-716489,Swan,208,US-716489,1902,John Slater,Means for attaching caps to fountain or other pens.
1742641412-209,"Patent GB-190213133, applied in 1902, by George William Perks, Frederik Charles Thacker, Unbranded. Improvements in Fountain or Reservoir Pens.",GB-190213133,Unbranded,209,GB-190213133,1902,George William Perks,Improvements in Fountain or Reservoir Pens.
1742641412-210,"Patent US-719529, applied in 1901, by Harry W. Stone, A. A. Waterman. Fountain-pen.",US-719529,A. A. Waterman,210,US-719529,1901,Harry W. Stone,A. Waterman. Fountain-pen.
1742641412-211,"Patent US-721549, applied in 1901, by August Eberstein, Boston Pen. Fountain pen.",US-721549,Boston Pen,211,US-721549,1901,August Eberstein,Fountain pen.
1742641412-212,"Patent US-723112, applied in 1902, by Paul E. Wirt, Wirt. Fountain-pen.",US-723112,Wirt,212,US-723112,1902,Paul E. Wirt,Fountain-pen.
1742641412-213,"Patent US-723113, applied in 1902, by Paul E. Wirt, Wirt. Fountain-pen.",US-723113,Wirt,213,US-723113,1902,Paul E. Wirt,Fountain-pen.
1742641412-214,"Patent US-723726, applied in 1902, by George W. Perks, Frederick C. Thacker, Unbranded. Fountain-pen.",US-723726,Unbranded,214,US-723726,1902,George W. Perks,"Thacker, Unbranded. Fountain-pen."
1742641412-215,"Patent US-724983, applied in 1903, by Paul E. Wirt, Wirt. Fountain-pen.",US-724983,Wirt,215,US-724983,1903,Paul E. Wirt,Fountain-pen.
1742641412-216,"Patent US-724984, applied in 1903, by Paul E. Wirt, Wirt. Fountain-pen.",US-724984,Wirt,216,US-724984,1903,Paul E. Wirt,Fountain-pen.
1742641412-217,"Patent FR-325153, applied in 1902, by Alexander Munro, Research Fountain Pen. Perfectionnements apportés aux plumes à réservoir.",FR-325153,Research Fountain Pen,217,FR-325153,1902,Alexander Munro,Perfectionnements apportés aux plumes à réservoir.
1742641412-218,"Patent US-726495, applied in 1902, by John S. Barnes, Waterman. Fountain-pen.",US-726495,Waterman,218,US-726495,1902,John S. Barnes,Fountain-pen.
1742641412-219,"Patent US-732117, applied in 1903, by Albert E. Schaaf, Autofiller. Fountain-pen.",US-732117,Autofiller,219,US-732117,1903,Albert E. Schaaf,Fountain-pen.
1742641412-220,"Patent US-733491, applied in 1903, by Jessie I. Litchfield, Unbranded. Inking appliance.",US-733491,Unbranded,220,US-733491,1903,Jessie I. Litchfield,Inking appliance.
1742641412-221,"Patent US-734116, applied in 1902, by John Blair, Unbranded. Fountain-pen.",US-734116,Unbranded,221,US-734116,1902,John Blair,Fountain-pen.
1742641412-222,"Patent US-734563, applied in 1902, by Frank M. Kegrize, Kegrize. Fountain-pen.",US-734563,Kegrize,222,US-734563,1902,Frank M. Kegrize,Fountain-pen.
1742641412-223,"Patent US-735659, applied in 1903, by William I. Ferris, Waterman. Fountain-pen.",US-735659,Waterman,223,US-735659,1903,William I. Ferris,Fountain-pen.
1742641412-224,"Patent US-736710, applied in 1903, by William I. Ferris, Waterman. Fountain-pen.",US-736710,Waterman,224,US-736710,1903,William I. Ferris,Fountain-pen.
1742641412-225,"Patent US-738859, applied in 1902, by Huston Taylor, Aikin Lambert. Fountain-pen-filling device.",US-738859,Aikin Lambert,225,US-738859,1902,Huston Taylor,Fountain-pen-filling device.
1742641412-226,"Patent US-739720, applied in 1901, by Jay G. Rider, Perfection. Fountain-pen-filling device.",US-739720,Perfection,226,US-739720,1901,Jay G. Rider,Fountain-pen-filling device.
1742641412-227,"Patent CA-83131, applied in 1902, by Alexander Munro, Research Fountain Pen. Fountain Pen.",CA-83131,Research Fountain Pen,227,CA-83131,1902,Alexander Munro,Fountain Pen.
1742641412-228,"Patent US-742036, applied in 1903, by Edward J. Kastner, Waterman. Fountain-pen.",US-742036,Waterman,228,US-742036,1903,Edward J. Kastner,Fountain-pen.
1742641412-229,"Patent US-744642, applied in 1903, by Harry W. Stone, A. A. Waterman. Fountain-pen.",US-744642,A. A. Waterman,229,US-744642,1903,Harry W. Stone,A. Waterman. Fountain-pen.
1742641412-230,"Patent FR-333684, applied in 1903, by Eduard Reisert, Klio-Werk. Porte-plume à réservoir.",FR-333684,Klio-Werk,230,FR-333684,1903,Eduard Reisert,Porte-plume à réservoir.
1742641412-231,"Patent US-745481, applied in 1902, by Roy Conklin, Conklin Pen Manufacturing Co.. Self-filling fountain-pen.",US-745481,Conklin Pen Manufacturing Co.,231,US-745481,1902,Roy Conklin,Self-filling fountain-pen
1742641412-232,"Patent US-747948, applied in 1902, by William F. Cushman, Moore Pen Company. Fountain-pen.",US-747948,Moore Pen Company,232,US-747948,1902,William F. Cushman,Fountain-pen.
1742641412-233,"Patent US-750271, applied in 1902, by August Eberstein, Boston Pen. Fountain pen.",US-750271,Boston Pen,233,US-750271,1902,August Eberstein,Fountain pen.
1742641412-234,"Patent US-750430, applied in 1903, by Francis C. Brown, Caw's. Fountain-pen.",US-750430,Caw's,234,US-750430,1903,Francis C. Brown,Fountain-pen.
1742641412-235,"Patent US-750546, applied in 1903, by Frank M. Kegrize, Kegrize. Fountain-pen.",US-750546,Kegrize,235,US-750546,1903,Frank M. Kegrize,Fountain-pen.
1742641412-236,"Patent US-750583, applied in 1903, by Francis C. Brown, Caw's. Fountain-pen.",US-750583,Caw's,236,US-750583,1903,Francis C. Brown,Fountain-pen.
1742641412-237,"Patent US-750928, applied in 1902, by Irving G. Woodward, Unbranded. Combined ink-well and pen-wiper.",US-750928,Unbranded,237,US-750928,1902,Irving G. Woodward,Combined ink-well and pen-wiper.
1742641412-238,"Patent US-D036798, applied in 1903, by Egon Lothar Schmitz, Eberhard-Faber. Design for a lead-pencil.",US-D036798,Eberhard-Faber,238,US-D036798,1903,Egon Lothar Schmitz,Design for a lead-pencil.
1742641412-239,"Patent DE-148564, applied in 1902, by Alexander Munro, Research Fountain Pen. Füllfederhalter.",DE-148564,Research Fountain Pen,239,DE-148564,1902,Alexander Munro,Füllfederhalter.
1742641412-240,"Patent GB-190308198, applied in 1903, by Eduard Reisert, Klio-Werk. Improvements in or relating to Fountain Pens.",GB-190308198,Klio-Werk,240,GB-190308198,1903,Eduard Reisert,Improvements in or relating to Fountain Pens.
1742641412-241,"Patent US-754000, applied in 1902, by Alexander Munro, Research Fountain Pen. Reservoir-pen or the like.",US-754000,Research Fountain Pen,241,US-754000,1902,Alexander Munro,Reservoir-pen or the like.
1742641412-242,"Patent GB-190400459, applied in 1904, by John Everard Langill, John Toker Langill, Langill Fountain Pen and Brush Company. Improvements in Fountain Pens.",GB-190400459,Langill Fountain Pen and Brush Company,242,GB-190400459,1904,John Everard Langill,Improvements in Fountain Pens.
1742641412-243,"Patent US-756076, applied in 1903, by Huston Taylor, Aikin Lambert. Fountain-pen-filling device.",US-756076,Aikin Lambert,243,US-756076,1903,Huston Taylor,Fountain-pen-filling device.
1742641412-244,"Patent US-756778, applied in 1904, by Roy Conklin, Conklin Pen Manufacturing Co.. Self-filling fountain-pen.",US-756778,Conklin Pen Manufacturing Co.,244,US-756778,1904,Roy Conklin,Self-filling fountain-pen
1742641412-245,"Patent US-757664, applied in 1903, by Frank M. Kegrize, Kegrize. Fountain-pen.",US-757664,Kegrize,245,US-757664,1903,Frank M. Kegrize,Fountain-pen.
1742641412-246,"Patent US-758930, applied in 1903, by George S. Parker, The Parker Pen Company. Fountain-pen.",US-758930,The Parker Pen Company,246,US-758930,1903,George S. Parker,Fountain-pen.
1742641412-247,"Patent US-763517, applied in 1903, by Harry W. Stone, A. A. Waterman. Pen.",US-763517,A. A. Waterman,247,US-763517,1903,Harry W. Stone,A. Waterman. Pen.
1742641412-248,"Patent US-764227, applied in 1904, by August Eberstein, Boston Pen. Fountain pen.",US-764227,Boston Pen,248,US-764227,1904,August Eberstein,Fountain pen.
1742641412-249,"Patent DE-152729, applied in 1903, by Ignaz Timar, Unbranded. Tintenfaß mit einem Vorratsbehälter und einem seitlichen Entnahmehälter.",DE-152729,Unbranded,249,DE-152729,1903,Ignaz Timar,Tintenfaß mit einem Vorratsbehälter und einem seitlichen Entnahmehälter.
1742641412-250,"Patent US-764652, applied in 1903, by Paul E. Wirt, Wirt. Fountain pen.",US-764652,Wirt,250,US-764652,1903,Paul E. Wirt,Fountain pen.
1742641412-251,"Patent US-760829, applied in 1904, by Otto E. Weidlich, Weidlich. Fountain-pen.",US-760829,Weidlich,251,US-760829,1904,Otto E. Weidlich,Fountain-pen.
1742641412-252,"Patent US-766560, applied in 1904, by Otto E. Weidlich, Weidlich. Fountain-pen.",US-766560,Weidlich,252,US-766560,1904,Otto E. Weidlich,Fountain-pen.
1742641412-253,"Patent US-767208, applied in 1904, by Seth S. Crocker, Crocker. Fountain-pen.",US-767208,Crocker,253,US-767208,1904,Seth S. Crocker,Fountain-pen.
1742641412-254,"Patent GB-190407468, applied in 1904, by Frank M. Kegrize, Kegrize. Improvements in Fountain Pens.",GB-190407468,Kegrize,254,GB-190407468,1904,Frank M. Kegrize,Improvements in Fountain Pens.
1742641412-255,"Patent US-768216, applied in 1904, by August Eberstein, Boston Pen. Fountain-pen.",US-768216,Boston Pen,255,US-768216,1904,August Eberstein,Fountain-pen.
1742641412-256,"Patent US-768779, applied in 1903, by Harry W. Stone, A. A. Waterman. Fountain-pen.",US-768779,A. A. Waterman,256,US-768779,1903,Harry W. Stone,A. Waterman. Fountain-pen.
1742641412-257,"Patent US-769427, applied in 1904, by David W. Beaumel, Beaumel. Stylographic pen.",US-769427,Beaumel,257,US-769427,1904,David W. Beaumel,Stylographic pen.
1742641412-258,"Patent US-771360, applied in 1904, by August Eberstein, Boston Pen. Fountain-pen.",US-771360,Boston Pen,258,US-771360,1904,August Eberstein,Fountain-pen.
1742641412-259,"Patent US-772193, applied in 1903, by De Witt C. Van Valer, A. A. Waterman. Pen.",US-772193,A. A. Waterman,259,US-772193,1903,De Witt C. Van Valer,A. Waterman. Pen.
1742641412-260,"Patent US-772467, applied in 1903, by Rhodes G. Lockwood, Sterling Fountain Pen. Self-filling fountain-pen.",US-772467,Sterling Fountain Pen,260,US-772467,1903,Rhodes G. Lockwood,Self-filling fountain-pen.
1742641412-261,"Patent US-773371, applied in 1904, by Francis C. Brown, Caw's. Fountain-pen.",US-773371,Caw's,261,US-773371,1904,Francis C. Brown,Fountain-pen.
1742641412-262,"Patent US-776428, applied in 1904, by Julius L. Schnell, Schnell, Bankers. Feeder-bar for fountain-pens.",US-776428,Schnell,262,US-776428,1904,Julius L. Schnell,Feeder-bar for fountain-pens.
1742641412-263,"Patent US-776951, applied in 1904, by James Sinnot, Unbranded. Fountain-pen.",US-776951,Unbranded,263,US-776951,1904,James Sinnot,Fountain-pen.
1742641412-264,"Patent US-778997, applied in 1904, by George S. Parker, The Parker Pen Company. Feeder for fountain-pens.",US-778997,The Parker Pen Company,264,US-778997,1904,George S. Parker,Feeder for fountain-pens.
1742641412-265,"Patent US-780416, applied in 1904, by August Eberstein, Boston Pen. Fountain pen.",US-780416,Boston Pen,265,US-780416,1904,August Eberstein,Fountain pen.
1742641412-266,"Patent US-781649, applied in 1904, by Robert H. Hamilton, Eclipse. Fountain-pen.",US-781649,Eclipse,266,US-781649,1904,Robert H. Hamilton,Fountain-pen.
1742641412-267,"Patent US-784528, applied in 1903, by Thomas P. Ambrose, Hicks. Fountain-pen.",US-784528,Hicks,267,US-784528,1903,Thomas P. Ambrose,Fountain-pen.
1742641412-268,"Patent US-785653, applied in 1904, by Claes W. Boman, Eagle. Fountain-pen.",US-785653,Eagle,268,US-785653,1904,Claes W. Boman,Fountain-pen.
1742641412-269,"Patent US-785654, applied in 1904, by Claes W. Boman, Eagle. Fountain-pen.",US-785654,Eagle,269,US-785654,1904,Claes W. Boman,Fountain-pen.
1742641412-270,"Patent US-787152, applied in 1904, by John T. Davison, Walker Davison, The Parker Pen Company. Self-filling fountain-pen.",US-787152,Walker Davison,270,US-787152,1904,John T. Davison,Self-filling fountain-pen.
1742641412-271,"Patent US-791466, applied in 1905, by Edward M. Heylman, The Parker Pen Company. Self-filling fountain-pen.",US-791466,The Parker Pen Company,271,US-791466,1905,Edward M. Heylman,Self-filling fountain-pen.
1742641412-272,"Patent US-794329, applied in 1905, by William A. Whitehouse, Unbranded. Finger-guard for penholders or pencils.",US-794329,Unbranded,272,US-794329,1905,William A. Whitehouse,Finger-guard for penholders or pencils.
1742641412-273,"Patent US-794814, applied in 1902, by William W. Sanford, Sanford and Bennet. Reservoir pen.",US-794814,Sanford and Bennet,273,US-794814,1902,William W. Sanford,Reservoir pen.
1742641412-274,"Patent US-794836, applied in 1905, by Thomas P. Ambrose, Hicks. Fountain-pen.",US-794836,Hicks,274,US-794836,1905,Thomas P. Ambrose,Fountain-pen.
1742641412-275,"Patent US-795569, applied in 1904, by Thomas P. Ambrose, Hicks. Fountain-pen.",US-795569,Hicks,275,US-795569,1904,Thomas P. Ambrose,Fountain-pen.
1742641412-276,"Patent US-799038, applied in 1904, by William F. Duryea, Salz. Fountain-pen and pencil holder.",US-799038,Salz,276,US-799038,1904,William F. Duryea,Fountain-pen and pencil holder.
1742641412-277,"Patent US-799297, applied in 1905, by Joseph F. Betzler, Laughlin. Fountain-pen.",US-799297,Laughlin,277,US-799297,1905,Joseph F. Betzler,Fountain-pen.
1742641412-278,"Patent US-799777, applied in 1905, by Roy Conklin, Conklin Pen Manufacturing Co.. Self-filling fountain-pen.",US-799777,Conklin Pen Manufacturing Co.,278,US-799777,1905,Roy Conklin,Self-filling fountain-pen.
1742641412-279,"Patent US-799897, applied in 1905, by William I. Ferris, Waterman. Fountain-pen.",US-799897,Waterman,279,US-799897,1905,William I. Ferris,Fountain-pen.
1742641412-280,"Patent US-800129, applied in 1905, by Robert W. Gorham, Good Pen Co. Self-filling fountain-pen.",US-800129,Good Pen Co,280,US-800129,1905,Robert W. Gorham,Self-filling fountain-pen.
1742641412-281,"Patent US-800141, applied in 1905, by William I. Ferris, Waterman. Safety-clip for holding pens and pencils.",US-800141,Waterman,281,US-800141,1905,William I. Ferris,Safety-clip for holding pens and pencils.
1742641412-282,"Patent GB-190502671, applied in 1905, by Evelyn De La Rue, De La Rue - Onoto. Improvements in Fountain Pens.",GB-190502671,De La Rue - Onoto,282,GB-190502671,1905,Evelyn De La Rue,Improvements in Fountain Pens.
1742641412-283,"Patent US-802668, applied in 1904, by Huston Taylor, Aikin Lambert. Fountain-pen.",US-802668,Aikin Lambert,283,US-802668,1904,Huston Taylor,Fountain-pen.
1742641412-284,"Patent GB-190428533, applied in 1904, by Benjamin William Warwick, Unbranded. Improvements in Reservoir Pens.",GB-190428533,Unbranded,284,GB-190428533,1904,Benjamin William Warwick,Improvements in Reservoir Pens.
1742641412-285,"Patent US-803866, applied in 1904, by William A. Welty, Welty. Fountain-pen feed.",US-803866,Welty,285,US-803866,1904,William A. Welty,Fountain-pen feed.
1742641412-286,"Patent US-803927, applied in 1903, by Eduard Reisert, Klio-Werk. Fountain pen.",US-803927,Klio-Werk,286,US-803927,1903,Eduard Reisert,Fountain pen.
1742641412-287,"Patent US-804847, applied in 1905, by John A. Holland, John Holland Pen Company. Fountain-pen.",US-804847,John Holland Pen Company,287,US-804847,1905,John A. Holland,Fountain-pen.
1742641412-288,"Patent GB-190513768, applied in 1905, by George Sweetser, De La Rue - Onoto. Improvements in Fountain Pens.",GB-190513768,De La Rue - Onoto,288,GB-190513768,1905,George Sweetser,Improvements in Fountain Pens.
1742641412-289,"Patent FR-358289, applied in 1906, by George Sweetser, De La Rue - Onoto. Porte plume réservoir.",FR-358289,De La Rue - Onoto,289,FR-358289,1906,George Sweetser,Porte plume réservoir.
1742641412-290,"Patent US-807280, applied in 1905, by Frank M. Kegrize, Kegrize. Self filling fountain pen.",US-807280,Kegrize,290,US-807280,1905,Frank M. Kegrize,Self filling fountain pen.
1742641412-291,"Patent US-810284, applied in 1905, by Frank M. Kegrize, Kegrize. Fountain-pen.",US-810284,Kegrize,291,US-810284,1905,Frank M. Kegrize,Fountain-pen.
1742641412-292,"Patent US-807500, applied in 1905, by William W. Sanford, Sanford and Bennet. Fountain-pen.",US-807500,Sanford and Bennet,292,US-807500,1905,William W. Sanford,Fountain-pen.
1742641412-293,"Patent GB-190507113, applied in 1905, by Cecil Bristow, Swan. Improvements in and relating to Cases or Holders for Fountain Pens, Pencils and the like.",GB-190507113,Swan,293,GB-190507113,1905,Cecil Bristow,"Improvements in and relating to Cases or Holders for Fountain Pens, Pencils and the like."
1742641412-294,"Patent US-813534, applied in 1905, by George Sweetser, De La Rue - Onoto. Fountain Pen.",US-813534,De La Rue - Onoto,294,US-813534,1905,George Sweetser,Fountain Pen.
1742641412-295,"Patent GB-190515547, applied in 1905, by Duncan Cameron, Cameron. Improvements in a Certain Part of Fountain Pens.",GB-190515547,Cameron,295,GB-190515547,1905,Duncan Cameron,Improvements in a Certain Part of Fountain Pens.
1742641412-296,"Patent US-814520, applied in 1905, by Roy Conklin, Conklin Pen Manufacturing Co.. Fountain-pen.",US-814520,Conklin Pen Manufacturing Co.,296,,,,
1742641412-297,"Patent US-814805, applied in 1905, by Evelyn De La Rue, De La Rue - Onoto. Fountain-pen.",US-814805,De La Rue - Onoto,297,US-814805,1905,Evelyn De La Rue,Fountain-pen.
1742641412-298,"Patent US-816345, applied in 1905, by Rhodes G. Lockwood, Sterling Fountain Pen. Fountain-pen-filling device.",US-816345,Sterling Fountain Pen,298,US-816345,1905,Rhodes G. Lockwood,Fountain-pen-filling device.
1742641412-299,"Patent US-818803, applied in 1905, by Otto E. Weidlich, Weidlich. Fountain pen.",US-818803,Weidlich,299,US-818803,1905,Otto E. Weidlich,Fountain pen.
1742641412-300,"Patent GB-190603690, applied in 1906, by Eduard Penkala, Penkala. Improvements in Pencil Cases.",GB-190603690,Penkala,300,GB-190603690,1906,Eduard Penkala,Improvements in Pencil Cases.
1742641412-301,"Patent FR-360837, applied in 1905, Roeder. Dispositif formant réservoir d'encre pour plumes et porte-plumes.",FR-360837,Roeder,301,,,,
1742641412-302,"Patent US-819719, applied in 1905, by Francis C. Brown, Caw's. Fountain-pen.",US-819719,Caw's,302,US-819719,1905,Francis C. Brown,Fountain-pen.
1742641412-303,"Patent US-821940, applied in 1906, by John A. Holland, John Holland Pen Company. Fountain-pen.",US-821940,John Holland Pen Company,303,US-821940,1906,John A. Holland,Fountain-pen.
1742641412-304,"Patent US-821993, applied in 1905, by Charles Dunn, Dunn. Penholder.",US-821993,Dunn,304,US-821993,1905,Charles Dunn,Penholder.
1742641412-305,"Patent US-824688, applied in 1904, by William I. Ferris, Waterman. Fountain-brush.",US-824688,Waterman,305,US-824688,1904,William I. Ferris,Fountain-brush.
1742641412-306,"Patent US-825153, applied in 1905, by Victor L. Ochoa, Unbranded. Pens for Fountain-Pens.",US-825153,Unbranded,306,US-825153,1905,Victor L. Ochoa,Pens for Fountain-Pens.
1742641412-307,"Patent US-825442, applied in 1906, by Frederick William Bender, Unbranded. Fountain-pen.",US-825442,Unbranded,307,US-825442,1906,Frederick William Bender,Fountain-pen.
1742641412-308,"Patent US-826552, applied in 1905, by Charles Dunn, Dunn. Fountain-pen.",US-826552,Dunn,308,US-826552,1905,Charles Dunn,Fountain-pen.
1742641412-309,"Patent US-827004, applied in 1905, by Benjamin F. Flint, Unbranded. Fountain-pen.",US-827004,Unbranded,309,US-827004,1905,Benjamin F. Flint,Fountain-pen.
1742641412-310,"Patent US-827022, applied in 1905, by David B. Kaufmann, Unbranded. Fountain-pen.",US-827022,Unbranded,310,US-827022,1905,David B. Kaufmann,Fountain-pen.
1742641412-311,"Patent FR-363394, applied in 1906, by Eduard Penkala, Penkala. Porte-mine.",FR-363394,Penkala,311,FR-363394,1906,Eduard Penkala,Porte-mine.
1742641412-312,"Patent GB-190524851, applied in 1905, by Evelyn De La Rue, De La Rue - Onoto. Improvements in Stylographic Pens.",GB-190524851,De La Rue - Onoto,312,GB-190524851,1905,Evelyn De La Rue,Improvements in Stylographic Pens.
1742641412-313,"Patent US-828920, applied in 1905, by George F. Brandt, Boston Pen. Fountain-pen.",US-828920,Boston Pen,313,US-828920,1905,George F. Brandt,Fountain-pen.
1742641412-314,"Patent US-828973, applied in 1905, by William W. Sanford, Sanford and Bennet. Fountain-pen.",US-828973,Sanford and Bennet,314,US-828973,1905,William W. Sanford,Fountain-pen.
1742641412-315,"Patent US-832981, applied in 1906, by William R. Kennedy, Unbranded. Cap for fountain-pens.",US-832981,Unbranded,315,US-832981,1906,William R. Kennedy,Cap for fountain-pens.
1742641412-316,"Patent GB-190601860, applied in 1906, by Cecil Bristow, Swan. Improvements in and relating to Cases or Holders for Fountain Pens, Pencils and the like.",GB-190601860,Swan,316,GB-190601860,1906,Cecil Bristow,"Improvements in and relating to Cases or Holders for Fountain Pens, Pencils and the like."
1742641412-317,"Patent DE-176702, applied in 1906, by Eduard Penkala, Penkala. Füllbleistift mit verschiebbarer Mine.",DE-176702,Penkala,317,DE-176702,1906,Eduard Penkala,Füllbleistift mit verschiebbarer Mine.
1742641412-318,"Patent GB-190616715, applied in 1906, by Eduard Penkala, Penkala. Improvements in Pencil-cases.",GB-190616715,Penkala,318,GB-190616715,1906,Eduard Penkala,Improvements in Pencil-cases.
1742641412-319,"Patent US-834541, applied in 1906, by William A. Welty, Welty. Fountain pen.",US-834541,Welty,319,US-834541,1906,William A. Welty,Fountain pen.
1742641412-320,"Patent US-834542, applied in 1906, by William A. Welty, Welty. Fountain pen.",US-834542,Welty,320,US-834542,1906,William A. Welty,Fountain pen.
1742641412-321,"Patent US-836180, applied in 1906, by Roy Conklin, Conklin Pen Manufacturing Co.. Self-filling fountain-pen.",US-836180,Conklin Pen Manufacturing Co.,321,,,,
1742641412-322,"Patent US-836905, applied in 1906, by John N. Whitehouse, Le-White Manufacturing Company. Fountain-pen cap and barrel.",US-836905,Le-White Manufacturing Company,322,US-836905,1906,John N. Whitehouse,Fountain-pen cap and barrel.
1742641412-323,"Patent FR-06524E, applied in 1906, by Eduard Penkala, Penkala. Porte-mine.",FR-06524E,Penkala,323,FR-06524E,1906,Eduard Penkala,Porte-mine.
1742641412-324,"Patent DK-09144, applied in 1906, by Eduard Penkala, Penkala. Blyantstiftholder.",DK-09144,Penkala,324,DK-09144,1906,Eduard Penkala,Blyantstiftholder.
1742641412-325,"Patent US-839537, applied in 1906, by David W. Beaumel, Beaumel. Holder for fountain pen & C..",US-839537,Beaumel,325,US-839537,1906,David W. Beaumel,Holder for fountain pen & C..
1742641412-326,"Patent US-841475, applied in 1906, by Paul E. Wirt, Wirt. Self-filling fountain-pen.",US-841475,Wirt,326,US-841475,1906,Paul E. Wirt,Self-filling fountain-pen.
1742641412-327,"Patent CH-36513, applied in 1906, by Eduard Penkala, Penkala. Füllbleistift.",CH-36513,Penkala,327,CH-36513,1906,Eduard Penkala,Füllbleistift.
1742641412-328,"Patent US-844061, applied in 1906, by Levi D. Van Valenburg, Williamson's Safety Fountain Pen - Torino, Salz. Fountain-pen retainer.",US-844061,Williamson's Safety Fountain Pen - Torino,328,US-844061,1906,Levi D. Van Valenburg,Fountain-pen retainer.
1742641412-329,"Patent US-844575, applied in 1905, by John S. Barnes, Waterman. Fountain-pen.",US-844575,Waterman,329,US-844575,1905,John S. Barnes,Fountain-pen.
1742641412-330,"Patent US-844576, applied in 1906, by John S. Barnes, Waterman. Fountain-pen.",US-844576,Waterman,330,US-844576,1906,John S. Barnes,Fountain-pen.
1742641412-331,"Patent US-846547, applied in 1906, by Francis C. Brown, Caw's. Fountain-pen.",US-846547,Caw's,331,US-846547,1906,Francis C. Brown,Fountain-pen.
1742641412-332,"Patent US-848023, applied in 1906, by M L Z Fuller, Unbranded. Self-Filling Fountain-pen.",US-848023,Unbranded,332,US-848023,1906,M L Z Fuller,Self-Filling Fountain-pen.
1742641412-333,"Patent US-848620, applied in 1905, by John S. Barnes, Waterman. Fountain-pen.",US-848620,Waterman,333,US-848620,1905,John S. Barnes,Fountain-pen.
1742641412-334,"Patent US-849110, applied in 1907, by Frederick Wm. Erickson, Unbranded. Fountain-Pen.",US-849110,Unbranded,334,US-849110,1907,Frederick Wm. Erickson,Fountain-Pen.
1742641412-335,"Patent DE-183242, applied in 1906, by Eduard Penkala, Penkala. Füllbleistift mit verschiebbarer Mine.",DE-183242,Penkala,335,DE-183242,1906,Eduard Penkala,Füllbleistift mit verschiebbarer Mine.
1742641412-336,"Patent US-851081, applied in 1905, by Charles A. Faber, Unbranded. Self-filling fountain-pen.",US-851081,Unbranded,336,US-851081,1905,Charles A. Faber,Self-filling fountain-pen.
1742641412-337,"Patent US-852368, applied in 1906, by Paul E. Wirt, Wirt. Fountain-pen.",US-852368,Wirt,337,US-852368,1906,Paul E. Wirt,Fountain-pen.
1742641412-338,"Patent US-852369, applied in 1906, by Paul E. Wirt, Wirt. Press-bar-locking device.",US-852369,Wirt,338,US-852369,1906,Paul E. Wirt,Press-bar-locking device.
1742641412-339,"Patent US-854584, applied in 1906, by Arnold Martinelli, The Parker Pen Company. Clip or sustaining device for fountain-pens.",US-854584,The Parker Pen Company,339,US-854584,1906,Arnold Martinelli,Clip or sustaining device for fountain-pens.
1742641412-340,"Patent US-856082, applied in 1907, by Morris W. Moore, Atlantis. Fountain-pen.",US-856082,Atlantis,340,US-856082,1907,Morris W. Moore,Fountain-pen.
1742641412-341,"Patent AT-31184, applied in 1906, by Eduard Penkala, Penkala. Füllbleistift.",AT-31184,Penkala,341,AT-31184,1906,Eduard Penkala,Füllbleistift.
1742641412-342,"Patent CH-37618, applied in 1906, by Eduard Penkala, Penkala. Füllbleistift mit verschiebbarer Mine.",CH-37618,Penkala,342,CH-37618,1906,Eduard Penkala,Füllbleistift mit verschiebbarer Mine.
1742641412-343,"Patent DK-09918, applied in 1906, by Eduard Penkala, Penkala. Blyantstiftholder.",DK-09918,Penkala,343,DK-09918,1906,Eduard Penkala,Blyantstiftholder.
1742641412-344,"Patent US-863029, applied in 1907, by John A. Holland, John Holland Pen Company. Clip for pen-caps.",US-863029,John Holland Pen Company,344,US-863029,1907,John A. Holland,Clip for pen-caps.
1742641412-345,"Patent FR-377047, applied in 1905, by Charles A. Faber, Unbranded. Porte-plumes-réservoir.",FR-377047,Unbranded,345,FR-377047,1905,Charles A. Faber,Porte-plumes-réservoir.
1742641412-346,"Patent FR-378822, applied in 1907, by Morris W. Moore, Atlantis. Perfectionnements aux plumes à réservoir.",FR-378822,Atlantis,346,FR-378822,1907,Morris W. Moore,Perfectionnements aux plumes à réservoir.
1742641412-347,"Patent FR-379615, applied in 1907, by Eugen Hahn, August Eberstein, Montblanc. Stylographe.",FR-379615,Montblanc,347,FR-379615,1907,Eugen Hahn,Stylographe.
1742641412-348,"Patent GB-190704787, applied in 1907, by George Sweetser, De La Rue - Onoto. Improvements in Fountain Pens.",GB-190704787,De La Rue - Onoto,348,GB-190704787,1907,George Sweetser,Improvements in Fountain Pens.
1742641412-349,"Patent US-873769, applied in 1906, by James P. Morris, Unbranded. Fountain-pen.",US-873769,Unbranded,349,US-873769,1906,James P. Morris,Fountain-pen.
1742641412-350,"Patent US-874897, applied in 1907, by Morris W. Moore, Atlantis. Fountain-pen.",US-874897,Atlantis,350,US-874897,1907,Morris W. Moore,Fountain-pen.
1742641412-351,"Patent DE-193717, applied in 1907, by Eduard Penkala, Penkala. Füllfederhalter für feste Tinte.",DE-193717,Penkala,351,DE-193717,1907,Eduard Penkala,Füllfederhalter für feste Tinte.
1742641412-352,"Patent AT-31185, applied in 1906, by Eduard Penkala, Penkala. Füllbleistift.",AT-31185,Penkala,352,AT-31185,1906,Eduard Penkala,Füllbleistift.
1742641412-353,"Patent GB-190708313, applied in 1907, by Duncan Cameron, Cameron. Improvements in Pen-nibs for use in connection with Fountain and other Pens.",GB-190708313,Cameron,353,GB-190708313,1907,Duncan Cameron,Improvements in Pen-nibs for use in connection with Fountain and other Pens.
1742641412-354,"Patent GB-127532, applied in 1919, by Osmond Blythe Wade, Unbranded. Improvements in and relating to Loose Leaf Ledgers, Binders and the like.",GB-127532,Unbranded,354,GB-127532,1919,Osmond Blythe Wade,"Improvements in and relating to Loose Leaf Ledgers, Binders and the like."
1742641412-355,"Patent US-879296, applied in 1907, by Frank H. Mooney, C. E. Barret & Company, Mooney. Self filling fountain pen.",US-879296,C. E. Barret & Company,355,US-879296,1907,Frank H. Mooney,"E. Barret & Company, Mooney. Self filling fountain pen."
1742641412-356,"Patent US-880973, applied in 1907, by William L. Clarke, Unbranded. Attachment for ink-bottles and ink-wells.",US-880973,Unbranded,356,US-880973,1907,William L. Clarke,Attachment for ink-bottles and ink-wells.
1742641412-357,"Patent GB-190713900, applied in 1907, by Eugen Hahn, August Eberstein, Montblanc. Improvements in Fountain Pen Holders.",GB-190713900,Montblanc,357,GB-190713900,1907,Eugen Hahn,Improvements in Fountain Pen Holders.
1742641412-358,"Patent US-883767, applied in 1907, by Albert Kasan Watts, Swan. Pocket-clip for fountain-pens and pencils.",US-883767,Swan,358,US-883767,1907,Albert Kasan Watts,Pocket-clip for fountain-pens and pencils.
1742641412-359,"Patent US-885753, applied in 1907, by John A. Holland, John Holland Pen Company. Fountain-pen.",US-885753,John Holland Pen Company,359,US-885753,1907,John A. Holland,Fountain-pen.
1742641412-360,"Patent US-886095, applied in 1907, by Levi D. Van Valenburg, Williamson's Safety Fountain Pen - Torino, Salz. Fountain-pen retainer.",US-886095,Williamson's Safety Fountain Pen - Torino,360,US-886095,1907,Levi D. Van Valenburg,Fountain-pen retainer.
1742641412-361,"Patent GB-190719977, applied in 1907, by Cecil Bristow, Swan. Improvements in and relating to Fountain and Stylographic Pens.",GB-190719977,Swan,361,GB-190719977,1907,Cecil Bristow,Improvements in and relating to Fountain and Stylographic Pens.
1742641412-362,"Patent GB-190720065, applied in 1907, by Alexander Munro, Research Fountain Pen. Improvements in Reservoir Pens.",GB-190720065,Research Fountain Pen,362,GB-190720065,1907,Alexander Munro,Improvements in Reservoir Pens.
1742641412-363,"Patent FR-387824, applied in 1908, by Cecil Bristow, Swan. Perfectionnements dans les plumes-réservoir et stylographes.",FR-387824,Swan,363,FR-387824,1908,Cecil Bristow,Perfectionnements dans les plumes-réservoir et stylographes.
1742641412-364,"Patent US-896576, applied in 1907, by George Rentz, Rentz Pen Company. Pen.",US-896576,Rentz Pen Company,364,US-896576,1907,George Rentz,Pen.
1742641412-365,"Patent US-896861, applied in 1908, by Walter A. Sheaffer, W. A. Sheaffer Pen Company. Fountain-pen.",US-896861,W. A. Sheaffer Pen Company,365,US-896861,1908,Walter A. Sheaffer,A. Sheaffer Pen Company. Fountain-pen.
1742641412-366,"Patent GB-190812001, applied in 1908, by Eduard Penkala, Penkala. Improvements in and relating to Ink-stands.",GB-190812001,Penkala,366,GB-190812001,1908,Eduard Penkala,Improvements in and relating to Ink-stands.
1742641412-367,"Patent US-897892, applied in 1906, by Robert H. Hamilton, Eclipse. Fountain pen.",US-897892,Eclipse,367,US-897892,1906,Robert H. Hamilton,Fountain pen.
1742641412-368,"Patent US-D039560, applied in 1908, by Henry Haymann, Eagle. Design for a propelling-pencil.",US-D039560,Eagle,368,US-D039560,1908,Henry Haymann,Design for a propelling-pencil.
1742641412-369,"Patent US-900833, applied in 1906, by Alonzo T. Cross, Cross. Fountain-pen.",US-900833,Cross,369,US-900833,1906,Alonzo T. Cross,Fountain-pen.
1742641412-370,"Patent GB-190804024, applied in 1908, by Duncan Cameron, Cameron. Improvements in and relating to Fountain Pen Nibs.",GB-190804024,Cameron,370,GB-190804024,1908,Duncan Cameron,Improvements in and relating to Fountain Pen Nibs.
1742641412-371,"Patent US-901948, applied in 1907, by Francis C. Brown, Caw's. Fountain-pen.",US-901948,Caw's,371,US-901948,1907,Francis C. Brown,Fountain-pen.
1742641412-372,"Patent FR-392740, applied in 1908, by Francis Charles Jarvis, Thomas Howard Garner, Conway Stewart. Plume à réservoir.",FR-392740,Conway Stewart,372,FR-392740,1908,Francis Charles Jarvis,Plume à réservoir.
1742641412-373,"Patent US-907722, applied in 1908, by Claes W. Boman, Eagle. Fountain-pen.",US-907722,Eagle,373,US-907722,1908,Claes W. Boman,Fountain-pen.
1742641412-374,"Patent GB-190814947, applied in 1908, by Edmund Moster, Mavro Moster, Penkala. Improvements in Lead Pencil Protectors.",GB-190814947,Penkala,374,GB-190814947,1908,Edmund Moster,Improvements in Lead Pencil Protectors.
1742641412-375,"Patent US-908537, applied in 1907, by Francis R. Baker, Waterman. Clip.",US-908537,Waterman,375,US-908537,1907,Francis R. Baker,Clip.
1742641412-376,"Patent GB-190804840, applied in 1908, by Francis Charles Jarvis, Thomas Howard Garner, Conway Stewart. Improvements in Stylographic Pens.",GB-190804840,Conway Stewart,376,GB-190804840,1908,Francis Charles Jarvis,Improvements in Stylographic Pens.
1742641412-377,"Patent GB-190809818, applied in 1908, by Duncan Cameron, Cameron. Improvements in and relating to Fountain Pen Nibs.",GB-190809818,Cameron,377,GB-190809818,1908,Duncan Cameron,Improvements in and relating to Fountain Pen Nibs.
1742641412-378,"Patent US-910980, applied in 1908, by Edward V. Whiton, Williamson's Safety Fountain Pen - Torino. Feed-bar for fountain-pens.",US-910980,Williamson's Safety Fountain Pen - Torino,378,US-910980,1908,Edward V. Whiton,Feed-bar for fountain-pens.
1742641412-379,"Patent FR-395110, applied in 1908, by Paul E. Wirt, Wirt. Plume à réservoir avec capuchon de sureté.",FR-395110,Wirt,379,FR-395110,1908,Paul E. Wirt,Plume à réservoir avec capuchon de sureté.
1742641412-380,"Patent FR-395879, applied in 1908, by Edmund Moster, Mavro Moster, Penkala. Protège-pointe pour crayons.",FR-395879,Penkala,380,FR-395879,1908,Edmund Moster,Protège-pointe pour crayons.
1742641412-381,"Patent US-916513, applied in 1908, by William A. Welty, Welty. Self-filling Fountain-Pen.",US-916513,Welty,381,US-916513,1908,William A. Welty,Self-filling Fountain-Pen.
1742641412-382,"Patent FR-396527, applied in 1908, by Duncan Cameron, Cameron. Bec de plume à réservoir.",FR-396527,Cameron,382,FR-396527,1908,Duncan Cameron,Bec de plume à réservoir.
1742641412-383,"Patent US-919244, applied in 1907, by Jay G. Rider, Perfection. Fountain-pen clip.",US-919244,Perfection,383,US-919244,1907,Jay G. Rider,Fountain-pen clip.
1742641412-384,"Patent AT-36998, applied in 1908, by Eduard Penkala, Penkala. Tintenfaß.",AT-36998,Penkala,384,AT-36998,1908,Eduard Penkala,Tintenfaß.
1742641412-385,"Patent US-926611, applied in 1908, by Evelyn De La Rue, De La Rue - Onoto. Reservoir Pen.",US-926611,De La Rue - Onoto,385,US-926611,1908,Evelyn De La Rue,Reservoir Pen.
1742641412-386,"Patent GB-190909893, applied in 1908, by William A. Welty, Welty. Improvements in Self-filling Fountain Pens.",GB-190909893,Welty,386,GB-190909893,1908,William A. Welty,Improvements in Self-filling Fountain Pens.
1742641412-387,"Patent GB-190902001, applied in 1909, by William I. Ferris, Waterman. Fountain-pen.",GB-190902001,Waterman,387,GB-190902001,1909,William I. Ferris,Fountain-pen.
1742641412-388,"Patent GB-190828493, applied in 1907, by Duncan Cameron, Cameron. Improvements in Fountain Pen Nibs.",GB-190828493,Cameron,388,GB-190828493,1907,Duncan Cameron,Improvements in Fountain Pen Nibs.
1742641412-389,"Patent GB-190823642, applied in 1908, by Duncan Cameron, Albert Edward Wright, Cameron. Improvements in or relating to Fountain Pens.",GB-190823642,Cameron,389,GB-190823642,1908,Duncan Cameron,Improvements in or relating to Fountain Pens.
1742641412-390,"Patent AT-38995, applied in 1908, by Edmund Moster, Mavro Moster, Penkala. Bleistiftschoner.",AT-38995,Penkala,390,AT-38995,1908,Edmund Moster,Bleistiftschoner.
1742641412-391,"Patent FR-402317, applied in 1909, by William F. Cushman, Moore Pen Company. Porte-plume à réservoir.",FR-402317,Moore Pen Company,391,FR-402317,1909,William F. Cushman,Porte-plume à réservoir.
1742641412-392,"Patent GB-190821631, applied in 1908, by Alexander Munro, Research Fountain Pen. Improvements in Reservoir Pens.",GB-190821631,Research Fountain Pen,392,GB-190821631,1908,Alexander Munro,Improvements in Reservoir Pens.
1742641412-393,"Patent US-939057, applied in 1908, by Morris W. Moore, SaWaCo. Fountain-pen.",US-939057,SaWaCo,393,US-939057,1908,Morris W. Moore,Fountain-pen.
1742641412-394,"Patent GB-190918450, applied in 1909, by Francis Charles Jarvis, Thomas Howard Garner, Conway Stewart. Improvements in Stylographic Pens.",GB-190918450,Conway Stewart,394,GB-190918450,1909,Francis Charles Jarvis,Improvements in Stylographic Pens.
1742641412-395,"Patent US-940247, applied in 1908, by John C. Haring, Swan. Polypoint pencil.",US-940247,Swan,395,US-940247,1908,John C. Haring,Polypoint pencil.
1742641412-396,"Patent US-940509, applied in 1908, by Duncan Cameron, Cameron. Fountain pen nib.",US-940509,Cameron,396,US-940509,1908,Duncan Cameron,Fountain pen nib.
1742641412-397,"Patent US-941466, applied in 1909, by William W. Sanford, Sanford and Bennet. Reservoir-pen.",US-941466,Sanford and Bennet,397,US-941466,1909,William W. Sanford,Reservoir-pen.
1742641412-398,"Patent CH-45651, applied in 1908, by Edmund Moster, Mavro Moster, Penkala. Bleistiftschoner.",CH-45651,Penkala,398,CH-45651,1908,Edmund Moster,Bleistiftschoner.
1742641412-399,"Patent US-949752, applied in 1908, by Francis C. Brown, Caw's. Fountain-pen.",US-949752,Caw's,399,US-949752,1908,Francis C. Brown,Fountain-pen.
1742641412-400,"Patent US-950817, applied in 1909, by William I. Ferris, Waterman. Fountain-pen.",US-950817,Waterman,400,US-950817,1909,William I. Ferris,Fountain-pen.
1742641412-401,"Patent US-950939, applied in 1908, by Clarence E. Martling, Charles Dunn, Dunn. Fountain-pen.",US-950939,Dunn,401,US-950939,1908,Clarence E. Martling,Fountain-pen.
1742641412-402,"Patent GB-190905849, applied in 1909, by Ernest M. Wade, Lang - Curzon - Summit. Improvements in or connected with Reservoir-pens.",GB-190905849,Lang - Curzon - Summit,402,GB-190905849,1909,Ernest M. Wade,Improvements in or connected with Reservoir-pens.
1742641412-403,"Patent US-952469, applied in 1909, by William W. Sanford, Sanford and Bennet. Clip for pens or pencils.",US-952469,Sanford and Bennet,403,US-952469,1909,William W. Sanford,Clip for pens or pencils.
1742641412-404,"Patent US-953316, applied in 1909, by Francis C. Brown, Caw's. Fountain-pen.",US-953316,Caw's,404,US-953316,1909,Francis C. Brown,Fountain-pen.
1742641412-405,"Patent FR-408830, applied in 1909, by William F. Cushman, Moore Pen Company. Porte-plume à réservoir.",FR-408830,Moore Pen Company,405,FR-408830,1909,William F. Cushman,Porte-plume à réservoir.
1742641412-406,"Patent US-954415, applied in 1909, by Claes W. Boman, Eagle. Fountain-pen.",US-954415,Eagle,406,US-954415,1909,Claes W. Boman,Fountain-pen.
1742641412-407,"Patent US-955205, applied in 1910, by Felix Riesenberg, Unbranded. Fountain-pen.",US-955205,Unbranded,407,US-955205,1910,Felix Riesenberg,Fountain-pen.
1742641412-408,"Patent US-955475, applied in 1909, by Bert Rentz, Rentz Pen Company. Fountain-pen.",US-955475,Rentz Pen Company,408,US-955475,1909,Bert Rentz,Fountain-pen.
1742641412-409,"Patent US-955517, applied in 1909, by Joseph Warren Kessel, Waterman. Clip-cap.",US-955517,Waterman,409,US-955517,1909,Joseph Warren Kessel,Clip-cap.
1742641412-410,"Patent US-956895, applied in 1909, by Benjamin Grieshaber, Grieshaber. Self-Filling Fountain-Pen.",US-956895,Grieshaber,410,US-956895,1909,Benjamin Grieshaber,Self-Filling Fountain-Pen.
1742641412-411,"Patent GB-190916587, applied in 1909, by Alexander Munro, Research Fountain Pen. Improvements in Reservoir Pens.",GB-190916587,Research Fountain Pen,411,GB-190916587,1909,Alexander Munro,Improvements in Reservoir Pens.
1742641412-412,"Patent US-960413, applied in 1909, by William W. Sanford, Sanford and Bennet. Reservoir-pen.",US-960413,Sanford and Bennet,412,US-960413,1909,William W. Sanford,Reservoir-pen.
1742641412-413,"Patent FR-411575, applied in 1909, by Francis Charles Jarvis, Thomas Howard Garner, Conway Stewart. Stylographe.",FR-411575,Conway Stewart,413,FR-411575,1909,Francis Charles Jarvis,Stylographe.
1742641412-414,"Patent FR-413467, applied in 1909, by Ernest M. Wade, Lang - Curzon - Summit. Perfectionnements aux porte-plume réservoirs.",FR-413467,Lang - Curzon - Summit,414,FR-413467,1909,Ernest M. Wade,Perfectionnements aux porte-plume réservoirs.
1742641412-415,"Patent US-969198, applied in 1909, by William W. Sanford, Sanford and Bennet. Reservoir-pen.",US-969198,Sanford and Bennet,415,US-969198,1909,William W. Sanford,Reservoir-pen.
1742641412-416,"Patent US-972301, applied in 1909, by Ernest M. Wade, Lang - Curzon - Summit. Reservoir-pen.",US-972301,Lang - Curzon - Summit,416,US-972301,1909,Ernest M. Wade,Reservoir-pen.
1742641412-417,"Patent GB-190929406, applied in 1909, by Herbert Gornell, Lang - Curzon - Summit. Improvements in and connected with Fountain Pens and the like.",GB-190929406,Lang - Curzon - Summit,417,GB-190929406,1909,Herbert Gornell,Improvements in and connected with Fountain Pens and the like.
1742641412-418,"Patent US-976815, applied in 1909, by Joseph Lipic, Lipic Pen Co.. Self-filling fountain-pen.",US-976815,Lipic Pen Co.,418,,,,
1742641412-419,"Patent US-978419, applied in 1908, by Paul E. Wirt, Wirt. Fountain-pen.",US-978419,Wirt,419,US-978419,1908,Paul E. Wirt,Fountain-pen.
1742641412-420,"Patent US-978420, applied in 1908, by Paul E. Wirt, Wirt. Fountain-pen.",US-978420,Wirt,420,US-978420,1908,Paul E. Wirt,Fountain-pen.
1742641412-421,"Patent US-979606, applied in 1910, by Jacob Ullrich, Unbranded. Stylographic pen.",US-979606,Unbranded,421,US-979606,1910,Jacob Ullrich,Stylographic pen.
1742641412-422,"Patent FR-419199, applied in 1910, Mallat. Stylographe à remplissage rapide et fermeture étanche.",FR-419199,Mallat,422,,,,
1742641412-423,"Patent GB-191007952, applied in 1910, by Ryosuke Namiki, Pilot. Ruling pen.",GB-191007952,Pilot,423,GB-191007952,1910,Ryosuke Namiki,Ruling pen.
1742641412-424,"Patent US-982922, applied in 1909, by Frank M. Ashley, Wahl Eversharp. Fountain-pen.",US-982922,Wahl Eversharp,424,US-982922,1909,Frank M. Ashley,Fountain-pen.
1742641412-425,"Patent US-984116, applied in 1910, by Francis W. Vaughn Jr., Moore Pen Company, Vaughn-Upton. Fountain-pen.",US-984116,Moore Pen Company,425,US-984116,1910,Francis W. Vaughn Jr.,Fountain-pen.
1742641412-426,"Patent GB-191100218, applied in 1910, by Felix Riesenberg, Unbranded. Improvements in Fountain Pens.",GB-191100218,Unbranded,426,GB-191100218,1910,Felix Riesenberg,Improvements in Fountain Pens.
1742641412-427,"Patent GB-191007239, applied in 1910, by Harry C. Johnson, Ernest M. Wade, Lang - Curzon - Summit. Improvements in or connected with ""Self-filling"" Reservoir Pens.",GB-191007239,Lang - Curzon - Summit,427,GB-191007239,1910,Harry C. Johnson,"Wade, Lang - Curzon - Summit. Improvements in or connected with ""Self-filling"" Reservoir Pens."
1742641412-428,"Patent FR-422654, applied in 1910, by Harry C. Johnson, Ernest M. Wade, Lang - Curzon - Summit. Perfectionnements aux porte-plume réservoirs à remplissage automatique.",FR-422654,Lang - Curzon - Summit,428,FR-422654,1910,Harry C. Johnson,"Wade, Lang - Curzon - Summit. Perfectionnements aux porte-plume réservoirs à remplissage automatique."
1742641412-429,"Patent US-990288, applied in 1910, by George S. Parker, The Parker Pen Company. Fountain-pen.",US-990288,The Parker Pen Company,429,US-990288,1910,George S. Parker,Fountain-pen.
1742641412-430,"Patent FR-423826, applied in 1910, by Edmund Moster, Mavro Moster, Penkala. Porte-plume.",FR-423826,Penkala,430,FR-423826,1910,Edmund Moster,Porte-plume.
1742641412-431,"Patent US-992234, applied in 1910, by Ryosuke Namiki, Pilot. Ruling pen.",US-992234,Pilot,431,US-992234,1910,Ryosuke Namiki,Ruling pen.
1742641412-432,"Patent GB-191101051, applied in 1911, by Edmund Moster, Mavro Moster, Penkala. Improvements in Pen Holders.",GB-191101051,Penkala,432,GB-191101051,1911,Edmund Moster,Improvements in Pen Holders.
1742641412-433,"Patent US-999648, applied in 1911, by William A. Houston, Houston Fountain Pen. Fountain-pen.",US-999648,Houston Fountain Pen,433,US-999648,1911,William A. Houston,Fountain-pen.
1742641412-434,"Patent FR-427646, applied in 1910, by Harry C. Johnson, Ernest M. Wade, Lang - Curzon - Summit. Perfectionnements aux porte-plume réservoirs à remplissage automatique.",FR-427646,Lang - Curzon - Summit,434,FR-427646,1910,Harry C. Johnson,"Wade, Lang - Curzon - Summit. Perfectionnements aux porte-plume réservoirs à remplissage automatique."
1742641412-435,"Patent GB-191026585, applied in 1910, by Alexander Munro, Research Fountain Pen. Improvements in Pens Nibs or Styles.",GB-191026585,Research Fountain Pen,435,GB-191026585,1910,Alexander Munro,Improvements in Pens Nibs or Styles.
1742641412-436,"Patent DE-238294, applied in 1911, by Nicolaus Assmann, Unbranded. Füll-Ziehfeder mit einem Federdruck stehenden Kolben zum Herausdrücken der Tusche.",DE-238294,Unbranded,436,DE-238294,1911,Nicolaus Assmann,Füll-Ziehfeder mit einem Federdruck stehenden Kolben zum Herausdrücken der Tusche.
1742641412-437,"Patent GB-191103257, applied in 1911, by Levi D. Van Valenburg, Unbranded. Improvements in Devices for Preventing the Loss of Fountain Pens and Pencils.",GB-191103257,Unbranded,437,GB-191103257,1911,Levi D. Van Valenburg,Improvements in Devices for Preventing the Loss of Fountain Pens and Pencils.
1742641412-438,"Patent US-1005387, applied in 1911, by Ruel W. Whitney, Whitney-Richards. Fountain-pen filler.",US-1005387,Whitney-Richards,438,US-1005387,1911,Ruel W. Whitney,Fountain-pen filler.
1742641412-439,"Patent US-1007619, applied in 1910, by Joseph A. Vogelmann, Unbranded. Self-filling fountain-pen.",US-1007619,Unbranded,439,US-1007619,1910,Joseph A. Vogelmann,Self-filling fountain-pen.
1742641412-440,"Patent FR-431385, applied in 1911, Matador. Porte-plume à réservoir de sureté, avec dispositif pour dévisser la plume.",FR-431385,Matador,440,,,,
1742641412-441,"Patent GB-191116434, applied in 1910, by Francis W. Vaughn Jr., Moore Pen Company, Vaughn-Upton. Improvements in Fountain Pens.",GB-191116434,Moore Pen Company,441,GB-191116434,1910,Francis W. Vaughn Jr.,Improvements in Fountain Pens.
1742641412-442,"Patent US-1016166, applied in 1911, by Marius Marcucci, A. A. Waterman. Pocket-clip.",US-1016166,A. A. Waterman,442,US-1016166,1911,Marius Marcucci,A. Waterman. Pocket-clip.
1742641412-443,"Patent US-1019930, applied in 1911, by Francis W. Vaughn Jr., Henry J. Upton, Vaughn-Upton. Fountain-pen.",US-1019930,Vaughn-Upton,443,US-1019930,1911,Francis W. Vaughn Jr.,"Upton, Vaughn-Upton. Fountain-pen."
1742641412-444,"Patent US-1020221, applied in 1911, by Joseph Rauchenecker, Unbranded. Fountain-pen.",US-1020221,Unbranded,444,US-1020221,1911,Joseph Rauchenecker,Fountain-pen.
1742641412-445,"Patent GB-191125073, applied in 1911, by Alfred Farmer, De La Rue - Onoto. Improvements in Fountain Pens.",GB-191125073,De La Rue - Onoto,445,GB-191125073,1911,Alfred Farmer,Improvements in Fountain Pens.
1742641412-446,"Patent US-1028382, applied in 1909, by George S. Parker, The Parker Pen Company. Safety-cap for fountain-pens.",US-1028382,The Parker Pen Company,446,US-1028382,1909,George S. Parker,Safety-cap for fountain-pens.
1742641412-447,"Patent DE-248718, applied in 1911, by Jacob Kaufmann, Unbranded. Füllfederhalter mit Tintenpatrone, die beim Einschrauben des unturen Halterverschlußstückes durch eine an diesem Verschluß angebrachte Vorrichtung durchstoßen und somit geöffnet wird.",DE-248718,Unbranded,447,DE-248718,1911,Jacob Kaufmann,"Füllfederhalter mit Tintenpatrone, die beim Einschrauben des unturen Halterverschlußstückes durch eine an diesem Verschluß angebrachte Vorrichtung durchstoßen und somit geöffnet wird."
1742641412-448,"Patent US-1031282, applied in 1910, by Morris W. Moore, SaWaCo. Fountain-pen.",US-1031282,SaWaCo,448,US-1031282,1910,Morris W. Moore,Fountain-pen.
1742641412-449,"Patent DE-249042, applied in 1911, by Ferdinand Gizman, Fritz Gizman, Unbranded. Füllziehfeder.",DE-249042,Unbranded,449,DE-249042,1911,Ferdinand Gizman,Füllziehfeder.
1742641412-450,"Patent FR-15507E, applied in 1910, by Edmund Moster, Mavro Moster, Penkala. Porte-plume.",FR-15507E,Penkala,450,FR-15507E,1910,Edmund Moster,Porte-plume.
1742641412-451,"Patent GB-191116979, applied in 1911, by Harry C. Johnson, Ernest M. Wade, Lang - Curzon - Summit. Improvements in or relating to Fountain or Reservoir Pens.",GB-191116979,Lang - Curzon - Summit,451,GB-191116979,1911,Harry C. Johnson,"Wade, Lang - Curzon - Summit. Improvements in or relating to Fountain or Reservoir Pens."
1742641412-452,"Patent GB-191210727, applied in 1912, by Mavro Moster et al, Penkala. Improvements in Pen Holders.",GB-191210727,Penkala,452,GB-191210727,1912,Mavro Moster et al,Improvements in Pen Holders.
1742641412-453,"Patent GB-191203230, applied in 1912, by Cecil Bristow, Swan. Improvements in or relating to Stylographic Pens.",GB-191203230,Swan,453,GB-191203230,1912,Cecil Bristow,Improvements in or relating to Stylographic Pens.
1742641412-454,"Patent US-1035665, applied in 1911, by Francis W. Vaughn Jr., Henry J. Upton, Vaughn-Upton. Fountain-pen.",US-1035665,Vaughn-Upton,454,US-1035665,1911,Francis W. Vaughn Jr.,"Upton, Vaughn-Upton. Fountain-pen."
1742641412-455,"Patent GB-191126950, applied in 1911, by Cecil Bristow, Swan. Improvements in or relating to Fountain Pens.",GB-191126950,Swan,455,GB-191126950,1911,Cecil Bristow,Improvements in or relating to Fountain Pens.
1742641412-456,"Patent US-1036149, applied in 1910, by George Rentz, Rentz Pen Company. Pen.",US-1036149,Rentz Pen Company,456,US-1036149,1910,George Rentz,Pen.
1742641412-457,"Patent US-1037660, applied in 1912, by Felix Riesenberg, Unbranded. Fountain-pen.",US-1037660,Unbranded,457,US-1037660,1912,Felix Riesenberg,Fountain-pen.
1742641412-458,"Patent GB-191218716, applied in 1912, by Felix Riesenberg, Unbranded. Improvements in and relating to Fountain Pens.",GB-191218716,Unbranded,458,GB-191218716,1912,Felix Riesenberg,Improvements in and relating to Fountain Pens.
1742641412-459,"Patent US-1038068, applied in 1912, by George F. Barrett, Unbranded. Fountain-pen.",US-1038068,Unbranded,459,US-1038068,1912,George F. Barrett,Fountain-pen.
1742641412-460,"Patent US-1042695, applied in 1912, by James W. Laughlin, Laughlin. Fountain-pen.",US-1042695,Laughlin,460,US-1042695,1912,James W. Laughlin,Fountain-pen.
1742641412-461,"Patent US-1042804, applied in 1912, by James W. Laughlin, Laughlin. Fountain-pen.",US-1042804,Laughlin,461,US-1042804,1912,James W. Laughlin,Fountain-pen.
1742641412-462,"Patent AT-56132B, applied in 1910, by Edmund Moster, Mavro Moster, Penkala. Federhalter.",AT-56132B,Penkala,462,AT-56132B,1910,Edmund Moster,Federhalter.
1742641412-463,"Patent GB-191129078, applied in 1912, by August Eberstein, Ernest M. Wade, Lang - Curzon - Summit. Improvements in or relating to Self-filling Fountain or Reservoir Pens.",GB-191129078,Lang - Curzon - Summit,463,GB-191129078,1912,August Eberstein,"Wade, Lang - Curzon - Summit. Improvements in or relating to Self-filling Fountain or Reservoir Pens."
1742641412-464,"Patent FR-446037, applied in 1912, Klio-Werk. Porte-plume réservoir à plume rentrante.",FR-446037,Klio-Werk,464,,,,
1742641412-465,"Patent US-1046660, applied in 1912, by Walter A. Sheaffer, W. A. Sheaffer Pen Company. Fountain-pen attachment.",US-1046660,W. A. Sheaffer Pen Company,465,US-1046660,1912,Walter A. Sheaffer,A. Sheaffer Pen Company. Fountain-pen attachment.
1742641412-466,"Patent US-1046821, applied in 1912, by William L. MacDonald, Moore Pen Company. Fountain-pen.",US-1046821,Moore Pen Company,466,US-1046821,1912,William L. MacDonald,Fountain-pen.
1742641412-467,"Patent US-1049465, applied in 1912, by William F. Duryea, Salz. Self-filling pen.",US-1049465,Salz,467,US-1049465,1912,William F. Duryea,Self-filling pen.
1742641412-468,"Patent DE-255378, applied in 1912, Klio-Werk. Füllfederhalter mit versenkbarer Schreibfeder, die durch Drehen des Halterkopfes unter Hubbegrenzung vor- und zurückgeschoben wird.",DE-255378,Klio-Werk,468,,,,
1742641412-469,"Patent US-1050295, applied in 1910, by Felix Riesenberg, Unbranded. Fountain-pen.",US-1050295,Unbranded,469,US-1050295,1910,Felix Riesenberg,Fountain-pen.
1742641412-470,"Patent US-1051670, applied in 1912, by Claes W. Boman, Eagle. Fountain-pen.",US-1051670,Eagle,470,US-1051670,1912,Claes W. Boman,Fountain-pen.
1742641412-471,"Patent US-1051671, applied in 1912, by Claes W. Boman, Eagle. Fountain-pen.",US-1051671,Eagle,471,US-1051671,1912,Claes W. Boman,Fountain-pen.
1742641412-472,"Patent GB-191211730, applied in 1912, by Ernest M. Wade, Lang - Curzon - Summit. Improvements in or relating to Stylographic Reservoir Pens.",GB-191211730,Lang - Curzon - Summit,472,GB-191211730,1912,Ernest M. Wade,Improvements in or relating to Stylographic Reservoir Pens.
1742641412-473,"Patent US-1053879, applied in 1911, by Julius L. Schnell, Schnell. Self-filling fountain-pen.",US-1053879,Schnell,473,US-1053879,1911,Julius L. Schnell,Self-filling fountain-pen.
1742641412-474,"Patent GB-191211520, applied in 1912, by Ernest M. Wade, Lang - Curzon - Summit. Improvements in or relating to Fountain or Reservoir Pens.",GB-191211520,Lang - Curzon - Summit,474,GB-191211520,1912,Ernest M. Wade,Improvements in or relating to Fountain or Reservoir Pens.
1742641412-475,"Patent US-1059398, applied in 1912, by Philip J. Schreiber, Unbranded. Fountain-pen cap.",US-1059398,Unbranded,475,US-1059398,1912,Philip J. Schreiber,Fountain-pen cap.
1742641412-476,"Patent US-1060137, applied in 1912, by Julius L. Schnell, Schnell. Self-filler fountain-pen.",US-1060137,Schnell,476,US-1060137,1912,Julius L. Schnell,Self-filler fountain-pen.
1742641412-477,"Patent GB-191309185, applied in 1912, Klio-Werk. Improvements in and connected with Fountain Pens.",GB-191309185,Klio-Werk,477,,,,
1742641412-478,"Patent US-1064098, applied in 1912, by Walter A. Sheaffer, W. A. Sheaffer Pen Company. Fountain-pen retainer.",US-1064098,W. A. Sheaffer Pen Company,478,US-1064098,1912,Walter A. Sheaffer,A. Sheaffer Pen Company. Fountain-pen retainer.
1742641412-479,"Patent GB-191219773, applied in 1912, by Alfred Farmer, De La Rue - Onoto. Improvements in Fountain Pens.",GB-191219773,De La Rue - Onoto,479,GB-191219773,1912,Alfred Farmer,Improvements in Fountain Pens.
1742641412-480,"Patent FR-453717, applied in 1913, by Etienne Forbin, Bayard. Porte-plume à réservoir.",FR-453717,Bayard,480,FR-453717,1913,Etienne Forbin,Porte-plume à réservoir.
1742641412-481,"Patent US-1066115, applied in 1911, by Frank Amos Jhonson, Waterman. Signagraph.",US-1066115,Waterman,481,US-1066115,1911,Frank Amos Jhonson,Signagraph.
1742641412-482,"Patent FR-455028, applied in 1912, De La Rue - Onoto. Plume à réservoir.",FR-455028,De La Rue - Onoto,482,,,,
1742641412-483,"Patent GB-191310028, applied in 1913, by Albert David Fleishmann, Osmond Blythe Wade, Lang - Curzon - Summit. Improvements in or relating to Self-filling Reservoir Pens.",GB-191310028,Lang - Curzon - Summit,483,GB-191310028,1913,Albert David Fleishmann,Improvements in or relating to Self-filling Reservoir Pens.
1742641412-484,"Patent GB-191303456, applied in 1913, by Harry Alphonse Widmer, Widmers Ltd Manufacturers. Improvements in and relating to Pens or Nibs.",GB-191303456,Widmers Ltd Manufacturers,484,GB-191303456,1913,Harry Alphonse Widmer,Improvements in and relating to Pens or Nibs.
1742641412-485,"Patent GB-191220490, applied in 1912, by Ernest M. Wade, Lang - Curzon - Summit. Improvements in or relating to Fountain or Reservoir Pens.",GB-191220490,Lang - Curzon - Summit,485,GB-191220490,1912,Ernest M. Wade,Improvements in or relating to Fountain or Reservoir Pens.
1742641412-486,"Patent US-1070496, applied in 1910, by Leopold Da Costa Levy, Unbranded. Combined calendar and pencil.",US-1070496,Unbranded,486,US-1070496,1910,Leopold Da Costa Levy,Combined calendar and pencil.
1742641412-487,"Patent US-1071538, applied in 1911, by Francis W. Vaughn Jr., Vaughn-Upton. Fountain-pen.",US-1071538,Vaughn-Upton,487,US-1071538,1911,Francis W. Vaughn Jr.,Fountain-pen.
1742641412-488,"Patent US-1072073, applied in 1912, by George F. Brandt, Boston Pen. Fountain-pen.",US-1072073,Boston Pen,488,US-1072073,1912,George F. Brandt,Fountain-pen.
1742641412-489,"Patent DE-264883, applied in 1912, by Felix Riesemberg, Unbranded. Füllfederhalter mit am oberen Ende des Halterschafts angeordnetem Gummibal.",DE-264883,Unbranded,489,DE-264883,1912,Felix Riesemberg,Füllfederhalter mit am oberen Ende des Halterschafts angeordnetem Gummibal.
1742641412-490,"Patent DE-264882, applied in 1912, Klio-Werk. Füllfederhalter mit einem vom Tintenbehälter zur Schreibfeder führenden nachgiebigen Schlauch.",DE-264882,Klio-Werk,490,,,,
1742641412-491,"Patent DE-265018, applied in 1912, by Justin Gilbert, Unbranded. Füllfederhalter, bei dem durch Auseinanderzeihen des aus zwei gegeneinander verschieb-baren Hülsen bestehenden Federhaltschaftes eine Luftleere zum Ansaugen der Tinte gebildet wird.",DE-265018,Unbranded,491,DE-265018,1912,Justin Gilbert,"Füllfederhalter, bei dem durch Auseinanderzeihen des aus zwei gegeneinander verschieb-baren Hülsen bestehenden Federhaltschaftes eine Luftleere zum Ansaugen der Tinte gebildet wird."
1742641412-492,"Patent US-1075631, applied in 1912, by Harry B. Dods, Diamond Point Pen Company. Non-leaking fountain-pen.",US-1075631,Diamond Point Pen Company,492,US-1075631,1912,Harry B. Dods,Non-leaking fountain-pen.
1742641412-493,"Patent US-1075815, applied in 1912, by William L. Chapman, A. A. Waterman. Pocket-clip.",US-1075815,A. A. Waterman,493,US-1075815,1912,William L. Chapman,A. Waterman. Pocket-clip.
1742641412-494,"Patent US-1078513, applied in 1911, by George S. Parker, The Parker Pen Company. Fountain-pen.",US-1078513,The Parker Pen Company,494,US-1078513,1911,George S. Parker,Fountain-pen.
1742641412-495,"Patent US-1079228, applied in 1913, by Alfred Farmer, De La Rue - Onoto. Fountain-pen.",US-1079228,De La Rue - Onoto,495,US-1079228,1913,Alfred Farmer,Fountain-pen.
1742641412-496,"Patent US-1080099, applied in 1912, by William L. Chapman, A. A. Waterman. Fountain-pen.",US-1080099,A. A. Waterman,496,US-1080099,1912,William L. Chapman,A. Waterman. Fountain-pen.
1742641412-497,"Patent US-1080176, applied in 1912, by Richard H. Stevens, Waterman. Fountain-pen.",US-1080176,Waterman,497,US-1080176,1912,Richard H. Stevens,Fountain-pen.
1742641412-498,"Patent US-1080197, applied in 1911, by Joseph G. Coffin, Moore Pen Company. Fountain-pen.",US-1080197,Moore Pen Company,498,US-1080197,1911,Joseph G. Coffin,Fountain-pen.
1742641412-499,"Patent US-1080347, applied in 1912, by Frank Amos Jhonson, Waterman. Multiple-writing machine.",US-1080347,Waterman,499,US-1080347,1912,Frank Amos Jhonson,Multiple-writing machine.
1742641412-500,"Patent US-1081557, applied in 1913, by William W. Sanford, Sanford and Bennet. Fountain pen.",US-1081557,Sanford and Bennet,500,US-1081557,1913,William W. Sanford,Fountain pen.
1742641412-501,"Patent DE-268612, applied in 1913, by Hugo Stein, Unbranded. Füllfederhalter, dessen Tintenraum durch Saugwirkung gefüllt wird.",DE-268612,Unbranded,501,DE-268612,1913,Hugo Stein,"Füllfederhalter, dessen Tintenraum durch Saugwirkung gefüllt wird."
1742641412-502,"Patent FR-462292, applied in 1912, by Ernest M. Wade, Lang - Curzon - Summit. Stilographe.",FR-462292,Lang - Curzon - Summit,502,FR-462292,1912,Ernest M. Wade,Stilographe.
1742641412-503,"Patent US-1085174, applied in 1913, by Walter A. Sheaffer, W. A. Sheaffer Pen Company. Pen-clip.",US-1085174,W. A. Sheaffer Pen Company,503,US-1085174,1913,Walter A. Sheaffer,A. Sheaffer Pen Company. Pen-clip.
1742641412-504,"Patent US-1085714, applied in 1913, Inkograph. Ink-pencil.",US-1085714,Inkograph,504,,,,
1742641412-505,"Patent DE-269883, applied in 1913, Soennecken. Füllfederhalter mit vor- und zurückschraubbarem Schreibfederträger.",DE-269883,Soennecken,505,,,,
1742641412-506,"Patent AT-63461B, applied in 1910, by Edmund Moster, Mavro Moster, Penkala. Federhalter.",AT-63461B,Penkala,506,AT-63461B,1910,Edmund Moster,Federhalter.
1742641412-507,"Patent FR-18258E, applied in 1911, Matador. Porte-plume à réservoir de sureté avec dispositif pour dévisser la plume.",FR-18258E,Matador,507,,,,
1742641412-508,"Patent DE-273638, applied in 1913, by Cark Shicktanz, Unbranded. Füllhalter, insbesondere für Zierschrift, mit röhrenförmiger Führung für die der Schreibspitze in zusammenhängendem Strome zufließende Scrieb- ode Zichenflüssigkeit.",DE-273638,Unbranded,508,DE-273638,1913,Cark Shicktanz,"Füllhalter, insbesondere für Zierschrift, mit röhrenförmiger Führung für die der Schreibspitze in zusammenhängendem Strome zufließende Scrieb- ode Zichenflüssigkeit."
1742641412-509,"Patent GB-191322823, applied in 1913, by Alfred Soennecken, Soennecken. Fountain-pens.",GB-191322823,Soennecken,509,GB-191322823,1913,Alfred Soennecken,Fountain-pens.
1742641412-510,"Patent US-1098719, applied in 1912, by James W. Greenbaum, Boston Pen, Wahl Eversharp. Clip for pens or pencils.",US-1098719,Boston Pen,510,US-1098719,1912,James W. Greenbaum,Clip for pens or pencils.
1742641412-511,"Patent GB-191316916, applied in 1909, by Herbert Gornell, Osmond Blythe Wade, Lang - Curzon - Summit. Improvements in or relating to Stylographic Pens.",GB-191316916,Lang - Curzon - Summit,511,GB-191316916,1909,Herbert Gornell,Improvements in or relating to Stylographic Pens.
1742641412-512,"Patent AT-65330B, applied in 1913, by Edmund Moster, Penkala. Tintenlöscher.",AT-65330B,Penkala,512,AT-65330B,1913,Edmund Moster,Tintenlöscher.
1742641412-513,"Patent US-1103349, applied in 1913, by William L. Chapman, A. A. Waterman. Fountain-pen.",US-1103349,A. A. Waterman,513,US-1103349,1913,William L. Chapman,A. Waterman. Fountain-pen.
1742641412-514,"Patent US-1104567, applied in 1906, by Ruther W. Springer, Unbranded. Fountain-pen.",US-1104567,Unbranded,514,US-1104567,1906,Ruther W. Springer,Fountain-pen.
1742641412-515,"Patent CH-66146, applied in 1913, by Alfred Soennecken, Soennecken. Füllfederhalter mit Sicherung gegen den Bruch von Innenteilen.",CH-66146,Soennecken,515,CH-66146,1913,Alfred Soennecken,Füllfederhalter mit Sicherung gegen den Bruch von Innenteilen.
1742641412-516,"Patent US-1111469, applied in 1914, by George M. Kracker, Kraker. Clip for fountain-pens.",US-1111469,Kraker,516,US-1111469,1914,George M. Kracker,Clip for fountain-pens.
1742641412-517,"Patent US-1111501, applied in 1914, by Albert Scheible, Kraker. Clip for fountain-pens.",US-1111501,Kraker,517,US-1111501,1914,Albert Scheible,Clip for fountain-pens.
1742641412-518,"Patent US-1112362, applied in 1911, by Dewitt C. Demarest, Eagle. Fountain-pen.",US-1112362,Eagle,518,US-1112362,1911,Dewitt C. Demarest,Fountain-pen.
1742641412-519,"Patent GB-191330070, applied in 1913, by Cecil Bristow, Swan. Improvements in or relating to Magazine Pencils.",GB-191330070,Swan,519,GB-191330070,1913,Cecil Bristow,Improvements in or relating to Magazine Pencils.
1742641412-520,"Patent GB-191400948, applied in 1914, by Cecil Bristow, Swan. Improvements in or relating to Fountain Pens.",GB-191400948,Swan,520,GB-191400948,1914,Cecil Bristow,Improvements in or relating to Fountain Pens.
1742641412-521,"Patent US-1114052, applied in 1912, by Walter A. Sheaffer, W. A. Sheaffer Pen Company. Fountain-pen.",US-1114052,W. A. Sheaffer Pen Company,521,US-1114052,1912,Walter A. Sheaffer,A. Sheaffer Pen Company. Fountain-pen.
1742641412-522,"Patent US-1116078, applied in 1912, by Adolf Klein, James W. Greenbaum, Boston Pen, Wahl Eversharp. Clip for pen-caps.",US-1116078,Boston Pen,522,US-1116078,1912,Adolf Klein,"Greenbaum, Boston Pen, Wahl Eversharp. Clip for pen-caps."
1742641412-523,"Patent US-1118240, applied in 1913, by Walter A. Sheaffer, W. A. Sheaffer Pen Company. Attachment for fountain-pens.",US-1118240,W. A. Sheaffer Pen Company,523,US-1118240,1913,Walter A. Sheaffer,A. Sheaffer Pen Company. Attachment for fountain-pens.
1742641412-524,"Patent US-1122559, applied in 1913, by Ernest M. Wade, Lang - Curzon - Summit. Fountain or reservoir pen.",US-1122559,Lang - Curzon - Summit,524,US-1122559,1913,Ernest M. Wade,Fountain or reservoir pen.
1742641412-525,"Patent US-1124454, applied in 1912, by Harry C. Johnson, Ernest M. Wade, Lang - Curzon - Summit. Fountain or reservoir pen.",US-1124454,Lang - Curzon - Summit,525,US-1124454,1912,Harry C. Johnson,"Wade, Lang - Curzon - Summit. Fountain or reservoir pen."
1742641412-526,"Patent US-1124592, applied in 1913, by Henry R. Coit, Coit Ready Fill Pen Company. Fountain-pen.",US-1124592,Coit Ready Fill Pen Company,526,US-1124592,1913,Henry R. Coit,Fountain-pen.
1742641412-527,"Patent US-1124750, applied in 1914, by Joseph A. Kracker, Kraker. Fountain-pen.",US-1124750,Kraker,527,US-1124750,1914,Joseph A. Kracker,Fountain-pen.
1742641412-528,"Patent FR-473733, applied in 1914, Klio-Werk. Porte-plume à réservoir.",FR-473733,Klio-Werk,528,,,,
1742641412-529,"Patent US-1130741, applied in 1913, by Charles R. Keeran, Wahl Eversharp. Mechanical pencil.",US-1130741,Wahl Eversharp,529,US-1130741,1913,Charles R. Keeran,Mechanical pencil.
1742641412-530,"Patent US-1134936, applied in 1914, by Julius Abegg, Chilton. Fountain-pen.",US-1134936,Chilton,530,US-1134936,1914,Julius Abegg,Fountain-pen.
1742641412-531,"Patent CH-68675, applied in 1914, Klio-Werk. Füllfederhalter.",CH-68675,Klio-Werk,531,,,,
1742641412-532,"Patent US-1143525, applied in 1914, by William I. Ferris, Waterman. Dispensing-stopper for ink-bottles.",US-1143525,Waterman,532,US-1143525,1914,William I. Ferris,Dispensing-stopper for ink-bottles.
1742641412-533,"Patent US-1144436, applied in 1914, by Julius L. Schnell, Schnell, Bankers. Self-filler fountain-pen.",US-1144436,Schnell,533,US-1144436,1914,Julius L. Schnell,Self-filler fountain-pen.
1742641412-534,"Patent US-D047595, applied in 1915, by Otto Huber, Eagle. Design for a pen and pencil clip.",US-D047595,Eagle,534,US-D047595,1915,Otto Huber,Design for a pen and pencil clip.
1742641412-535,"Patent US-D047643, applied in 1915, by Edwinc J. Dukes, Aikin Lambert. Design for a pencil.",US-D047643,Aikin Lambert,535,US-D047643,1915,Edwinc J. Dukes,Design for a pencil.
1742641412-536,"Patent GB-191412837, applied in 1914, Klio-Werk. Improvements in and connected with Fountain and like Pens.",GB-191412837,Klio-Werk,536,,,,
1742641412-537,"Patent US-1151016, applied in 1914, by Charles R. Keeran, Wahl Eversharp. Lead pencil.",US-1151016,Wahl Eversharp,537,US-1151016,1914,Charles R. Keeran,Lead pencil.
1742641412-538,"Patent US-1151980, applied in 1912, by De Witt C. Van Valer, A. A. Waterman. Fountain-pen.",US-1151980,A. A. Waterman,538,US-1151980,1912,De Witt C. Van Valer,A. Waterman. Fountain-pen.
1742641412-539,"Patent US-1152509, applied in 1914, by John A. Holland, John Holland Pen Company. Fountain-pen.",US-1152509,John Holland Pen Company,539,US-1152509,1914,John A. Holland,Fountain-pen.
1742641412-540,"Patent AT-69881, applied in 1913, Soennecken. Füllfederhalter mit herausschraubbarer Feder.",AT-69881,Soennecken,540,,,,
1742641412-541,"Patent US-1153754, applied in 1915, by Claes W. Boman, Eagle. Pen and pencil clip.",US-1153754,Eagle,541,US-1153754,1915,Claes W. Boman,Pen and pencil clip.
1742641412-542,"Patent US-1154498, applied in 1915, by William I. Ferris, Waterman. Gold pen.",US-1154498,Waterman,542,US-1154498,1915,William I. Ferris,Gold pen.
1742641412-543,"Patent US-1156748, applied in 1915, by Edwin F. Britten, Waterman. Spring and presser-bar for fountain-pens.",US-1156748,Waterman,543,US-1156748,1915,Edwin F. Britten,Spring and presser-bar for fountain-pens.
1742641412-544,"Patent GB-191502959, applied in 1915, by Ernest M. Wade, Lang - Curzon - Summit. Improvements in or relating to Fountain or Reservoir Pens Pens.",GB-191502959,Lang - Curzon - Summit,544,GB-191502959,1915,Ernest M. Wade,Improvements in or relating to Fountain or Reservoir Pens Pens.
1742641412-545,"Patent GB-191508198, applied in 1914, by George M. Kracker, Kraker. Improvements in or relating to Fountain Pens.",GB-191508198,Kraker,545,GB-191508198,1914,George M. Kracker,Improvements in or relating to Fountain Pens.
1742641412-546,"Patent GB-191505790, applied in 1914, by William I. Ferris, Edwin F. Britten, Waterman. Improvements in Self-filling Fountain Pens.",GB-191505790,Waterman,546,GB-191505790,1914,William I. Ferris,"Britten, Waterman. Improvements in Self-filling Fountain Pens."
1742641412-547,"Patent US-1164654, applied in 1914, by George M. Kracker, Kraker. Fountain-pen.",US-1164654,Kraker,547,US-1164654,1914,George M. Kracker,Fountain-pen.
1742641412-548,"Patent GB-191507408, applied in 1915, by Cecil Bristow, Swan. Improvements in or relating to Fountain Pens.",GB-191507408,Swan,548,GB-191507408,1915,Cecil Bristow,Improvements in or relating to Fountain Pens.
1742641412-549,"Patent US-1169603, applied in 1911, by David W. Beaumel, Beaumel. Fountain-pen.",US-1169603,Beaumel,549,US-1169603,1911,David W. Beaumel,Fountain-pen.
1742641412-550,"Patent US-1170825, applied in 1914, by Joseph A. Kracker, Kraker. Fountain-pen.",US-1170825,Kraker,550,US-1170825,1914,Joseph A. Kracker,Fountain-pen.
1742641412-551,"Patent FR-479060, applied in 1915, by Julius L. Schnell, Schnell, Bankers. Porte-plume à réservoir, à remplissage automatique.",FR-479060,Schnell,551,FR-479060,1915,Julius L. Schnell,"Porte-plume à réservoir, à remplissage automatique."
1742641412-552,"Patent US-1171624, applied in 1915, by Frank H. Mooney, Conklin Pen Manufacturing Co.. Fountain-pen clip.",US-1171624,Conklin Pen Manufacturing Co.,552,,,,
1742641412-553,"Patent US-1172342, applied in 1915, by Andrew O. Burgess, Unbranded. Writing implement.",US-1172342,Unbranded,553,US-1172342,1915,Andrew O. Burgess,Writing implement.
1742641412-554,"Patent GB-191506570, applied in 1915, by Alexander Munro, Research Fountain Pen. Improvements in Fountain Pens.",GB-191506570,Research Fountain Pen,554,GB-191506570,1915,Alexander Munro,Improvements in Fountain Pens.
1742641412-555,"Patent US-1176529, applied in 1915, by William I. Ferris, Waterman. Self-filling fountain-pen.",US-1176529,Waterman,555,US-1176529,1915,William I. Ferris,Self-filling fountain-pen.
1742641412-556,"Patent DE-290998, applied in 1914, Klio-Werk. Füllfederhalter mit in den hohlen Halterschaft versenkbarer Schreibfeder, bei dem die Schreibfeder in einem mit Gewinde im Innern des Halterschaftes gelagerten Körper sitzt, der durch einen in der Verschlußkappe angeordneten Fortsatz gedreht wird..",DE-290998,Klio-Werk,556,,,,
1742641412-557,"Patent US-1180424, applied in 1915, by Edward G. Peck, A. A. Waterman. Fountain-pen.",US-1180424,A. A. Waterman,557,US-1180424,1915,Edward G. Peck,A. Waterman. Fountain-pen.
1742641412-558,"Patent US-1180946, applied in 1915, by Felix Riesenberg, Waterman. Self-filling fountain-pen.",US-1180946,Waterman,558,US-1180946,1915,Felix Riesenberg,Self-filling fountain-pen.
1742641412-559,"Patent US-1181574, applied in 1913, by Seth S. Crocker, Crocker. Fountain-pen.",US-1181574,Crocker,559,US-1181574,1913,Seth S. Crocker,Fountain-pen.
1742641412-560,"Patent FR-480426, applied in 1915, by Edwin F. Britten, Waterman. Perfectionnements aux porte-plume à réservoir à remplissage automatique.",FR-480426,Waterman,560,FR-480426,1915,Edwin F. Britten,Perfectionnements aux porte-plume à réservoir à remplissage automatique.
1742641412-561,"Patent US-1194510, applied in 1914, by George M. Kracker, Kraker. Lever-Filler Fountain-pen.",US-1194510,Kraker,561,US-1194510,1914,George M. Kracker,Lever-Filler Fountain-pen.
1742641412-562,"Patent US-1195709, applied in 1916, by Lucifer J. Most, Unbranded. Fountain-pen.",US-1195709,Unbranded,562,US-1195709,1916,Lucifer J. Most,Fountain-pen.
1742641412-563,"Patent GB-101241, applied in 1916, by Duncan Cameron, Cameron. Improvements in Fountain and other Reservoir Pens.",GB-101241,Cameron,563,GB-101241,1916,Duncan Cameron,Improvements in Fountain and other Reservoir Pens.
1742641412-564,"Patent US-1197224, applied in 1916, by William E. Moore, The Parker Pen Company. Clip for fountain-pens.",US-1197224,The Parker Pen Company,564,US-1197224,1916,William E. Moore,Clip for fountain-pens.
1742641412-565,"Patent US-1197360, applied in 1914, by William I. Ferris, Edwin F. Britten, Waterman. Presser-bar-actuating lever for self-filling fountain-pens.",US-1197360,Waterman,565,US-1197360,1914,William I. Ferris,"Britten, Waterman. Presser-bar-actuating lever for self-filling fountain-pens."
1742641412-566,"Patent US-1198994, applied in 1916, by Claes W. Boman, Eagle. Fountain-pen.",US-1198994,Eagle,566,US-1198994,1916,Claes W. Boman,Fountain-pen.
1742641412-567,"Patent US-1199993, applied in 1914, by George M. Kracker, Kraker. Fountain-pen.",US-1199993,Kraker,567,US-1199993,1914,George M. Kracker,Fountain-pen.
1742641412-568,"Patent DE-294495, applied in 1915, Kaweco. Füllfederhalter.",DE-294495,Kaweco,568,,,,
1742641412-569,"Patent US-D049743, applied in 1916, by Charles R. Keeran, Wahl Eversharp. Design for a clip.",US-D049743,Wahl Eversharp,569,US-D049743,1916,Charles R. Keeran,Design for a clip.
1742641412-570,"Patent GB-191516665, applied in 1915, by Cecil Bristow, Swan. Improvements in or relating to Fountain Pens.",GB-191516665,Swan,570,GB-191516665,1915,Cecil Bristow,Improvements in or relating to Fountain Pens.
1742641412-571,"Patent US-1201951, applied in 1914, by William I. Ferris, Waterman. Fountain-pen.",US-1201951,Waterman,571,US-1201951,1914,William I. Ferris,Fountain-pen.
1742641412-572,"Patent GB-101895, applied in 1916, by Cecil Bristow, Swan. Improvements in or relating to Fountain Pens.",GB-101895,Swan,572,GB-101895,1916,Cecil Bristow,Improvements in or relating to Fountain Pens.
1742641412-573,"Patent US-1205847, applied in 1916, by Claes W. Boman, Eagle. Fountain-pen.",US-1205847,Eagle,573,US-1205847,1916,Claes W. Boman,Fountain-pen.
1742641412-574,"Patent US-1208653, applied in 1914, by Karl Räuchle, Albert Koehler, Klio-Werk. Fountain-pen.",US-1208653,Klio-Werk,574,US-1208653,1914,Karl Räuchle,Fountain-pen.
1742641412-575,"Patent US-1209978, applied in 1916, by David J. La France, Carter's Ink Company, Boston Pen. Self-filling fountain-pen.",US-1209978,Carter's Ink Company,575,US-1209978,1916,David J. La France,Self-filling fountain-pen.
1742641412-576,"Patent US-1212297, applied in 1916, by William A. Welty, Welty. Fountain-Pen.",US-1212297,Welty,576,US-1212297,1916,William A. Welty,Fountain-Pen.
1742641412-577,"Patent US-1212744, applied in 1916, by Seth S. Crocker, Crocker. Fountain-pen.",US-1212744,Crocker,577,US-1212744,1916,Seth S. Crocker,Fountain-pen.
1742641412-578,"Patent US-1213725, applied in 1916, by Claes W. Boman, Eagle. Fountain-pen.",US-1213725,Eagle,578,US-1213725,1916,Claes W. Boman,Fountain-pen.
1742641412-579,"Patent US-1214310, applied in 1916, by Stormont Josselyn, Crocker. Fountain-pen.",US-1214310,Crocker,579,US-1214310,1916,Stormont Josselyn,Fountain-pen.
1742641412-580,"Patent US-1216732, applied in 1916, by James M. Reed, Eagle. Fountain-pen.",US-1216732,Eagle,580,US-1216732,1916,James M. Reed,Fountain-pen.
1742641412-581,"Patent US-1220875, applied in 1914, by Morris W. Moore, SaWaCo. Fountain-pen.",US-1220875,SaWaCo,581,US-1220875,1914,Morris W. Moore,Fountain-pen.
1742641412-582,"Patent GB-104980, applied in 1916, by William I. Ferris, Waterman. Improvements in Fountain Pens.",GB-104980,Waterman,582,GB-104980,1916,William I. Ferris,Improvements in Fountain Pens.
1742641412-583,"Patent GB-100592, applied in 1915, Penkala. Improvements in Refill Lead Pencils.",GB-100592,Penkala,583,,,,
1742641412-584,"Patent US-1228177, applied in 1915, by Edwin F. Britten, Waterman. Mounting for a presser-bar-actuating lever for self-filling fountain-pens.",US-1228177,Waterman,584,US-1228177,1915,Edwin F. Britten,Mounting for a presser-bar-actuating lever for self-filling fountain-pens.
1742641412-585,"Patent FR-483349, applied in 1916, by Duncan Cameron, Cameron. Perfectionnements aux stylographes et autres porte-plumes à réservoir.",FR-483349,Cameron,585,FR-483349,1916,Duncan Cameron,Perfectionnements aux stylographes et autres porte-plumes à réservoir.
1742641412-586,"Patent US-1236069, applied in 1916, by William F. Duryea, Salz. Magazine pencil.",US-1236069,Salz,586,US-1236069,1916,William F. Duryea,Magazine pencil.
1742641412-587,"Patent US-1237619, applied in 1914, by Harvey Green Craig, Kraker. Fountain-pen.",US-1237619,Kraker,587,US-1237619,1914,Harvey Green Craig,Fountain-pen.
1742641412-588,"Patent US-1238657, applied in 1917, by Marx Finstone, Eclipse. Fountain pen.",US-1238657,Eclipse,588,US-1238657,1917,Marx Finstone,Fountain pen.
1742641412-589,"Patent US-1242323, applied in 1914, by Harvey G. Craig, Kraker. Fountain-pen.",US-1242323,Kraker,589,US-1242323,1914,Harvey G. Craig,Fountain-pen.
1742641412-590,"Patent US-1243383, applied in 1915, by Cecil Bristow, Swan. Fountain-Pen.",US-1243383,Swan,590,US-1243383,1915,Cecil Bristow,Fountain-Pen.
1742641412-591,"Patent GB-110270, applied in 1917, by William Livsey, Lang - Curzon - Summit. Improvements in or relating to Fountain and Stylographic Pens.",GB-110270,Lang - Curzon - Summit,591,GB-110270,1917,William Livsey,Improvements in or relating to Fountain and Stylographic Pens.
1742641412-592,"Patent US-1246232, applied in 1914, by William L. Chapman, A. A. Waterman. Fountain-pen.",US-1246232,A. A. Waterman,592,US-1246232,1914,William L. Chapman,A. Waterman. Fountain-pen.
1742641412-593,"Patent US-1247037, applied in 1916, by Henry J. Upton, Vaughn-Upton. Fountain-pen.",US-1247037,Vaughn-Upton,593,US-1247037,1916,Henry J. Upton,Fountain-pen.
1742641412-594,"Patent US-1247169, applied in 1917, by Frederic E. Storer, Sterling Fountain Pen. Fountain-pen.",US-1247169,Sterling Fountain Pen,594,US-1247169,1917,Frederic E. Storer,Fountain-pen.
1742641412-595,"Patent US-RE14397, applied in 1917, by Stormont Josselyn, Crocker. Fountain-pen.",US-RE14397,Crocker,595,US-RE14397,1917,Stormont Josselyn,Fountain-pen.
1742641412-596,"Patent US-1249501, applied in 1916, by Felix Riesenberg, Swan. Self-filling Fountain-pen.",US-1249501,Swan,596,US-1249501,1916,Felix Riesenberg,Self-filling Fountain-pen.
1742641412-597,"Patent US-1250533, applied in 1917, by Levi D. Van Valenburg, Unbranded. Retaining clip for fountain-pens.",US-1250533,Unbranded,597,US-1250533,1917,Levi D. Van Valenburg,Retaining clip for fountain-pens.
1742641412-598,"Patent US-1251421, applied in 1915, by Felix Riesenberg, Swan. Fountain-pen filler.",US-1251421,Swan,598,US-1251421,1915,Felix Riesenberg,Fountain-pen filler.
1742641412-599,"Patent GB-113082, applied in 1916, by Duncan Cameron, Cameron. Improvements in Fountain or Reservoir Pens.",GB-113082,Cameron,599,GB-113082,1916,Duncan Cameron,Improvements in Fountain or Reservoir Pens.
1742641412-600,"Patent US-1258458, applied in 1917, by Hans P. Ravn, Welty. Fountain-Pen.",US-1258458,Welty,600,US-1258458,1917,Hans P. Ravn,Fountain-Pen.
1742641412-601,"Patent US-1260165, applied in 1916, by William F. Duryea, Salz. Self-filler lever-pen.",US-1260165,Salz,601,US-1260165,1916,William F. Duryea,Self-filler lever-pen.
1742641412-602,"Patent US-1261481, applied in 1917, by George F. Brandt, Moore Pen Company. Fountain-pen.",US-1261481,Moore Pen Company,602,US-1261481,1917,George F. Brandt,Fountain-pen.
1742641412-603,"Patent US-1262438, applied in 1918, by Claes W. Boman, Eagle. Fountain-pen.",US-1262438,Eagle,603,US-1262438,1918,Claes W. Boman,Fountain-pen.
1742641412-604,"Patent US-1263260, applied in 1918, by Rudolph Wm. Lotz, Kraker. Fountain-pen.",US-1263260,Kraker,604,US-1263260,1918,Rudolph Wm. Lotz,Fountain-pen.
1742641412-605,"Patent US-1263261, applied in 1918, by Rudolph Wm. Lotz, Kraker. Fountain-pen.",US-1263261,Kraker,605,US-1263261,1918,Rudolph Wm. Lotz,Fountain-pen.
1742641412-606,"Patent GB-114801, applied in 1918, by John James, Unbranded. A New or Improved Means of Increasing the Life of Pen Nibs.",GB-114801,Unbranded,606,GB-114801,1918,John James,A New or Improved Means of Increasing the Life of Pen Nibs.
1742641412-607,"Patent US-1263808, applied in 1918, by Jacob Salz, Salz. Lever self-filler fountain-pen.",US-1263808,Salz,607,US-1263808,1918,Jacob Salz,Lever self-filler fountain-pen.
1742641412-608,"Patent US-1264684, applied in 1915, by Jay G. Rider, Perfection. Self-filling writing instrument.",US-1264684,Perfection,608,US-1264684,1915,Jay G. Rider,Self-filling writing instrument.
1742641412-609,"Patent US-1266141, applied in 1916, by Frank H. Mooney, Conklin Pen Manufacturing Co.. Presser-bar for fountain pen.",US-1266141,Conklin Pen Manufacturing Co.,609,,,,
1742641412-610,"Patent US-1267288, applied in 1916, by Tagiro Tanimura, Swan. Design for a fountain pen.",US-1267288,Swan,610,US-1267288,1916,Tagiro Tanimura,Design for a fountain pen.
1742641412-611,"Patent US-RE14474, applied in 1918, by Felix Riesenberg, Swan. Self-filling Fountain-pen.",US-RE14474,Swan,611,US-RE14474,1918,Felix Riesenberg,Self-filling Fountain-pen.
1742641412-612,"Patent US-1267575, applied in 1917, by Frank H. Mooney, Conklin Pen Manufacturing Co.. Fountain pen clip.",US-1267575,Conklin Pen Manufacturing Co.,612,,,,
1742641412-613,"Patent US-1267624, applied in 1917, by George F. Brandt, Moore Pen Company. Fountain-pen.",US-1267624,Moore Pen Company,613,US-1267624,1917,George F. Brandt,Fountain-pen.
1742641412-614,"Patent US-1268206, applied in 1917, by Martin Borbeck, General Manufactoring Co., Houston Fountain Pen. Self-filling fountain-pen.",US-1268206,General Manufactoring Co.,614,,,,
1742641412-615,"Patent US-1287556, applied in 1916, by Edward G. Woody, Unbranded. Fountain-pen.",US-1287556,Unbranded,615,US-1287556,1916,Edward G. Woody,Fountain-pen.
1742641412-616,"Patent US-1272697, applied in 1915, by Frank H. Mooney, Conklin Pen Manufacturing Co.. Fountain pen.",US-1272697,Conklin Pen Manufacturing Co.,616,,,,
1742641412-617,"Patent US-1365131, applied in 1918, by Henry J. Upton, Moore Pen Company. Fountain-pen.",US-1365131,Moore Pen Company,617,US-1365131,1918,Henry J. Upton,Fountain-pen.
1742641412-618,"Patent US-1277613, applied in 1917, by William Livsey, Lang - Curzon - Summit. Fountain and stylographic pens.",US-1277613,Lang - Curzon - Summit,618,US-1277613,1917,William Livsey,Fountain and stylographic pens.
1742641412-619,"Patent US-1277848, applied in 1918, by Duncan Cameron, Cameron. Fountain or reservoir pen.",US-1277848,Cameron,619,US-1277848,1918,Duncan Cameron,Fountain or reservoir pen.
1742641412-620,"Patent US-1279186, applied in 1917, by John C. Wahl, William H. Odlum, Wahl Eversharp. Clip for pencil and the like.",US-1279186,Wahl Eversharp,620,US-1279186,1917,John C. Wahl,"Odlum, Wahl Eversharp. Clip for pencil and the like."
1742641412-621,"Patent US-1279821, applied in 1918, by Clements L. Argon, Unbranded. Fountain pen.",US-1279821,Unbranded,621,US-1279821,1918,Clements L. Argon,Fountain pen.
1742641412-622,"Patent US-1281194, applied in 1915, by Frank H. Mooney, Conklin Pen Manufacturing Co.. Self-filling fountain pen.",US-1281194,Conklin Pen Manufacturing Co.,622,,,,
1742641412-623,"Patent US-1283860, applied in 1918, by Oliver Mitchell, Moore Pen Company. Fountain-pen cap and clip.",US-1283860,Moore Pen Company,623,US-1283860,1918,Oliver Mitchell,Fountain-pen cap and clip.
1742641412-624,"Patent US-1284156, applied in 1917, by Walter A. Sheaffer, W. A. Sheaffer Pen Company. Pencil.",US-1284156,W. A. Sheaffer Pen Company,624,US-1284156,1917,Walter A. Sheaffer,A. Sheaffer Pen Company. Pencil.
1742641412-625,"Patent US-1284525, applied in 1914, by Russell T. Wing, The Parker Pen Company. Fountain-pen.",US-1284525,The Parker Pen Company,625,US-1284525,1914,Russell T. Wing,Fountain-pen.
1742641412-626,"Patent US-1284718, applied in 1918, by Henry Lasko, Eagle. Clip for fountain-pens.",US-1284718,Eagle,626,US-1284718,1918,Henry Lasko,Clip for fountain-pens.
1742641412-627,"Patent US-1288819, applied in 1918, by George F. Brandt, Moore Pen Company. Fountain-pen.",US-1288819,Moore Pen Company,627,US-1288819,1918,George F. Brandt,Fountain-pen.
1742641412-628,"Patent US-1289921, applied in 1917, by Sydney M. Rowe, Unbranded. Fountain-pen.",US-1289921,Unbranded,628,US-1289921,1917,Sydney M. Rowe,Fountain-pen.
1742641412-629,"Patent US-1290365, applied in 1918, by Ferdinand Scheiblecker, Salz. Fountain-pen of the self-filler type.",US-1290365,Salz,629,US-1290365,1918,Ferdinand Scheiblecker,Fountain-pen of the self-filler type.
1742641412-630,"Patent US-1292736, applied in 1916, by August G. Elser, C. E. Barret & Company. Fountain-pen.",US-1292736,C. E. Barret & Company,630,US-1292736,1916,August G. Elser,E. Barret & Company. Fountain-pen.
1742641412-631,"Patent US-1299642, applied in 1918, by William A. Welty, Hans P. Ravn, Welty. Fountain-Pen.",US-1299642,Welty,631,US-1299642,1918,William A. Welty,"Ravn, Welty. Fountain-Pen."
1742641412-632,"Patent US-1300849, applied in 1918, by David J. La France, William P. De Witt, De Witt-La France. Fountain-pen.",US-1300849,De Witt-La France,632,US-1300849,1918,David J. La France,"De Witt, De Witt-La France. Fountain-pen."
1742641412-633,"Patent US-1301057, applied in 1918, by Charles R. Keeran, Wahl Eversharp. Fountain pen.",US-1301057,Wahl Eversharp,633,US-1301057,1918,Charles R. Keeran,Fountain pen.
1742641412-634,"Patent US-1301317, applied in 1918, by Lillian Plancher, Eclipse. Fountain pen.",US-1301317,Eclipse,634,US-1301317,1918,Lillian Plancher,Fountain pen.
1742641412-635,"Patent US-1301341, applied in 1918, by John C. Wahl, Wahl Eversharp. Self-feeding pencil.",US-1301341,Wahl Eversharp,635,US-1301341,1918,John C. Wahl,Self-feeding pencil.
1742641412-636,"Patent GB-125906, applied in 1918, by Osmond Blythe Wade, Lang - Curzon - Summit. Improvements in and relating to Fountain Pens.",GB-125906,Lang - Curzon - Summit,636,GB-125906,1918,Osmond Blythe Wade,Improvements in and relating to Fountain Pens.
1742641412-637,"Patent US-1302783, applied in 1918, by Harold B. Fowler, Welty. Combination instrument.",US-1302783,Welty,637,US-1302783,1918,Harold B. Fowler,Combination instrument.
1742641412-638,"Patent US-1302935, applied in 1918, by Frank Le Boeuf, LeBoeuf. Fountain-pen.",US-1302935,LeBoeuf,638,US-1302935,1918,Frank Le Boeuf,Fountain-pen.
1742641412-639,"Patent FR-490999, applied in 1918, Conklin Pen Manufacturing Co.. Perfectionnements apportés et relatifs aux plumes à réservoir à remplissage automatique.",FR-490999,Conklin Pen Manufacturing Co.,639,,,,
1742641412-640,"Patent US-1304739, applied in 1919, by Herbert L. Carman, Swan. Self-filling fountain-pen.",US-1304739,Swan,640,US-1304739,1919,Herbert L. Carman,Self-filling fountain-pen.
1742641412-641,"Patent FR-491375, applied in 1917, Conklin Pen Manufacturing Co.. Pince pour plume à réservoir.",FR-491375,Conklin Pen Manufacturing Co.,641,,,,
1742641412-642,"Patent GB-127532, applied in 1919, by Osmond Blythe Wade, Lang - Curzon - Summit. Improvements in and relating to Fountain Pens.",GB-127532,Lang - Curzon - Summit,642,GB-127532,1919,Osmond Blythe Wade,Improvements in and relating to Fountain Pens.
1742641412-643,"Patent GB-128009, applied in 1917, Conklin Pen Manufacturing Co.. Improvements in and relating to Fountain Pen Clips.",GB-128009,Conklin Pen Manufacturing Co.,643,,,,
1742641412-644,"Patent US-1307630, applied in 1916, by William A. Haskins, Unbranded. Fountain-pen.",US-1307630,Unbranded,644,US-1307630,1916,William A. Haskins,Fountain-pen.
1742641412-645,"Patent US-1312681, applied in 1917, by William L. Chapman, A. A. Waterman. Fountain-pen.",US-1312681,A. A. Waterman,645,US-1312681,1917,William L. Chapman,A. Waterman. Fountain-pen.
1742641412-646,"Patent GB-129115, applied in 1918, Conklin Pen Manufacturing Co.. Improvements in and relating to Self-filling Fountain Pens.",GB-129115,Conklin Pen Manufacturing Co.,646,,,,
1742641412-647,"Patent US-1310235, applied in 1918, by William T. Fitzpatrick, Welty. Cap-clip for fountain-pens.",US-1310235,Welty,647,US-1310235,1918,William T. Fitzpatrick,Cap-clip for fountain-pens.
1742641412-648,"Patent FR-20859E, applied in 1916, by Duncan Cameron, Cameron. Perfectionnements aux stylographes et autres porte-plumes à réservoir.",FR-20859E,Cameron,648,FR-20859E,1916,Duncan Cameron,Perfectionnements aux stylographes et autres porte-plumes à réservoir.
1742641412-649,"Patent US-1313056, applied in 1918, by Oswald H. Blackwood, Fred Pearson, Unbranded. Fountain-pen.",US-1313056,Unbranded,649,US-1313056,1918,Oswald H. Blackwood,Fountain-pen.
1742641412-650,"Patent GB-118118, applied in 1916, by Felix Riesenberg, Swan. Improvements in Self-filling Fountain Pens.",GB-118118,Swan,650,GB-118118,1916,Felix Riesenberg,Improvements in Self-filling Fountain Pens.
1742641412-651,"Patent US-1315373, applied in 1918, by Charles A. Luck, Conklin Pen Manufacturing Co.. Pen-point holder.",US-1315373,Conklin Pen Manufacturing Co.,651,,,,
1742641412-652,"Patent US-1317472, applied in 1917, by Frank M. Ashley, Wahl Eversharp. Fountain pen.",US-1317472,Wahl Eversharp,652,US-1317472,1917,Frank M. Ashley,Fountain pen.
1742641412-653,"Patent US-1317817, applied in 1919, by Robert S. Ogilvy, Unbranded. Fountain-pen.",US-1317817,Unbranded,653,US-1317817,1919,Robert S. Ogilvy,Fountain-pen.
1742641412-654,"Patent DK-25155C, applied in 1918, by Jörgen Thorvald Andersen, Unbranded. Skriveinstrument til Blæk eller lignende.",DK-25155C,Unbranded,654,DK-25155C,1918,Jörgen Thorvald Andersen,Skriveinstrument til Blæk eller lignende.
1742641412-655,"Patent US-1320393, applied in 1918, by Edmund M. Houston, William A. Houston, Houston Fountain Pen. Fountain-pen.",US-1320393,Houston Fountain Pen,655,US-1320393,1918,Edmund M. Houston,"Houston, Houston Fountain Pen. Fountain-pen."
1742641412-656,"Patent US-1321188, applied in 1919, by Homer Catucci, Swan. Self-filling fountain-pen.",US-1321188,Swan,656,US-1321188,1919,Homer Catucci,Self-filling fountain-pen.
1742641412-657,"Patent FR-496693, applied in 1919, by Charles R. Keeran, Wahl Eversharp. Perfectionnements aux porte-plume à réservoir.",FR-496693,Wahl Eversharp,657,FR-496693,1919,Charles R. Keeran,Perfectionnements aux porte-plume à réservoir.
1742641412-658,"Patent CH-81788, applied in 1918, by Hermann Burkhardt, Unbranded. Füllschreibstifthalter.",CH-81788,Unbranded,658,CH-81788,1918,Hermann Burkhardt,Füllschreibstifthalter.
1742641412-659,"Patent DK-25360C, applied in 1918, by Jörgen Thorvald Andersen, Unbranded. Beskyttelseshætte til Skriveinstrumenter.",DK-25360C,Unbranded,659,DK-25360C,1918,Jörgen Thorvald Andersen,Beskyttelseshætte til Skriveinstrumenter.
1742641412-660,"Patent FR-497658, applied in 1918, by Jörgen Thorvald Andersen, Unbranded. Tracoir analogue à une plume à réservoir.",FR-497658,Unbranded,660,FR-497658,1918,Jörgen Thorvald Andersen,Tracoir analogue à une plume à réservoir.
1742641412-661,"Patent US-1325844, applied in 1917, by Hugo S. Hasselquist, Wahl Eversharp. Fountain-pen.",US-1325844,Wahl Eversharp,661,US-1325844,1917,Hugo S. Hasselquist,Fountain-pen.
1742641412-662,"Patent GB-127562, applied in 1918, by Jörgen Thorvald Andersen, Unbranded. Improvements in Stylographic Fountain Pens.",GB-127562,Unbranded,662,GB-127562,1918,Jörgen Thorvald Andersen,Improvements in Stylographic Fountain Pens.
1742641412-663,"Patent US-1326206, applied in 1919, by Charles A. Luck, Conklin Pen Manufacturing Co.. Fountain-pen cap.",US-1326206,Conklin Pen Manufacturing Co.,663,,,,
1742641412-664,"Patent FR-498271, applied in 1918, by Osmond Blythe Wade, Lang - Curzon - Summit. Perfectionnements aux porte-plume à réservoir.",FR-498271,Lang - Curzon - Summit,664,FR-498271,1918,Osmond Blythe Wade,Perfectionnements aux porte-plume à réservoir.
1742641412-665,"Patent FR-498272, applied in 1919, by Osmond Blythe Wade, Lang - Curzon - Summit. Perfectionnements aux porte-plume à réservoir.",FR-498272,Lang - Curzon - Summit,665,FR-498272,1919,Osmond Blythe Wade,Perfectionnements aux porte-plume à réservoir.
1742641412-666,"Patent US-1328215, applied in 1918, by De Witt C. Van Valer, A. A. Waterman. Lever-filler for fountain-pens.",US-1328215,A. A. Waterman,666,US-1328215,1918,De Witt C. Van Valer,A. Waterman. Lever-filler for fountain-pens.
1742641412-667,"Patent US-1334332, applied in 1918, by Hugo S. Hasselquist et al, Wahl Eversharp. Pencil-clip.",US-1334332,Wahl Eversharp,667,US-1334332,1918,Hugo S. Hasselquist et al,Pencil-clip.
1742641412-668,"Patent US-1335580, applied in 1917, by John E. Hayes, Byers & Hayes. Fountain-pen.",US-1335580,Byers & Hayes,668,US-1335580,1917,John E. Hayes,Fountain-pen.
1742641412-669,"Patent US-1336119, applied in 1918, by Jörgen Thorvald Andersen, Unbranded. Stylographic fountain-pen.",US-1336119,Unbranded,669,US-1336119,1918,Jörgen Thorvald Andersen,Stylographic fountain-pen.
1742641412-670,"Patent US-1336572, applied in 1919, by Charles A. Luck, Conklin Pen Manufacturing Co.. Fountain-pen.",US-1336572,Conklin Pen Manufacturing Co.,670,,,,
1742641412-671,"Patent US-1339359, applied in 1918, by John Kritikson, Security Pen Corporation. Penholder-clip.",US-1339359,Security Pen Corporation,671,US-1339359,1918,John Kritikson,Penholder-clip.
1742641412-672,"Patent US-1340277, applied in 1918, by David J. La France, William P. De Witt, De Witt-La France. Fountain-pen.",US-1340277,De Witt-La France,672,US-1340277,1918,David J. La France,"De Witt, De Witt-La France. Fountain-pen."
1742641412-673,"Patent US-1342736, applied in 1918, by Martin Borbeck, Houston Fountain Pen. Fountain-pen.",US-1342736,Houston Fountain Pen,673,US-1342736,1918,Martin Borbeck,Fountain-pen.
1742641412-674,"Patent FR-503751, applied in 1918, Mallat. Porte-plume réservoir à remplissage automatique avec ajustage de plume invariable.",FR-503751,Mallat,674,,,,
1742641412-675,"Patent US-1344434, applied in 1918, by Robert George Crombie Boa, Wahl Eversharp. Mechanical pencil.",US-1344434,Wahl Eversharp,675,US-1344434,1918,Robert George Crombie Boa,Mechanical pencil.
1742641412-676,"Patent US-D055515, applied in 1920, by William A. Houston, Houston Fountain Pen. Design for a hook-pin.",US-D055515,Houston Fountain Pen,676,US-D055515,1920,William A. Houston,Design for a hook-pin.
1742641412-677,"Patent US-1346045, applied in 1919, by William E. Moore, The Parker Pen Company. Pressure-bar mechanism.",US-1346045,The Parker Pen Company,677,US-1346045,1919,William E. Moore,Pressure-bar mechanism.
1742641412-678,"Patent GB-146632, applied in 1919, by Alice Edna Wade, Lang - Curzon - Summit. Improvements in or relating to fountain or reservoir pens.",GB-146632,Lang - Curzon - Summit,678,GB-146632,1919,Alice Edna Wade,Improvements in or relating to fountain or reservoir pens.
1742641412-679,"Patent US-1347800, applied in 1917, by Paul E. Wirt, Wirt. Fountain-pen.",US-1347800,Wirt,679,US-1347800,1917,Paul E. Wirt,Fountain-pen.
1742641412-680,"Patent US-1347901, applied in 1919, by William T. Fitzpatrick, Welty. Retarded delivery device for fountain-pens.",US-1347901,Welty,680,US-1347901,1919,William T. Fitzpatrick,Retarded delivery device for fountain-pens.
1742641412-681,"Patent US-1348211, applied in 1919, by Alonzo T. Cross, Cross. Fountain-pen-filling device.",US-1348211,Cross,681,US-1348211,1919,Alonzo T. Cross,Fountain-pen-filling device.
1742641412-682,"Patent US-1349025, applied in 1919, by John C. Wahl, Wahl Eversharp. Mechanical pencil.",US-1349025,Wahl Eversharp,682,US-1349025,1919,John C. Wahl,Mechanical pencil.
1742641412-683,"Patent FR-505917, applied in 1919, by Paul-Leonide Baudry, Unbranded. Agrafe pour porte-plumes réservoirs ou autres.",FR-505917,Unbranded,683,FR-505917,1919,Paul-Leonide Baudry,Agrafe pour porte-plumes réservoirs ou autres.
1742641412-684,"Patent US-1350412, applied in 1918, by David J. La France, William P. De Witt, De Witt-La France. Clip for fountain-pen caps or the like.",US-1350412,De Witt-La France,684,US-1350412,1918,David J. La France,"De Witt, De Witt-La France. Clip for fountain-pen caps or the like."
1742641412-685,"Patent US-1351552, applied in 1917, by John Bricken, Wahl Eversharp. Pencil.",US-1351552,Wahl Eversharp,685,US-1351552,1917,John Bricken,Pencil.
1742641412-686,"Patent US-1351564, applied in 1919, by Wilfred E. Gerry, Wahl Eversharp. Chart for fountain-pens.",US-1351564,Wahl Eversharp,686,US-1351564,1919,Wilfred E. Gerry,Chart for fountain-pens.
1742641412-687,"Patent US-1351574, applied in 1917, by Charles R. Keeran, Wahl Eversharp. Fountain-pen.",US-1351574,Wahl Eversharp,687,US-1351574,1917,Charles R. Keeran,Fountain-pen.
1742641412-688,"Patent US-1351575, applied in 1917, by Charles R. Keeran, Wahl Eversharp. Fountain-pen.",US-1351575,Wahl Eversharp,688,US-1351575,1917,Charles R. Keeran,Fountain-pen.
1742641412-689,"Patent US-1351591, applied in 1917, by John C. Wahl, Wahl Eversharp. Fountain-pen.",US-1351591,Wahl Eversharp,689,US-1351591,1917,John C. Wahl,Fountain-pen.
1742641412-690,"Patent DE-326796, applied in 1918, by Jörgen Thorvald Andersen, Unbranded. Füllfederhalter.",DE-326796,Unbranded,690,DE-326796,1918,Jörgen Thorvald Andersen,Füllfederhalter.
1742641412-691,"Patent GB-151753, applied in 1919, by George Davies, Wyvern Fountain Pen Company. Improvements in and relating to the filling of fountain pens.",GB-151753,Wyvern Fountain Pen Company,691,GB-151753,1919,George Davies,Improvements in and relating to the filling of fountain pens.
1742641412-692,"Patent GB-151844, applied in 1919, by Duncan Cameron, Cameron. Improvements in fountain and other reservoir pens.",GB-151844,Cameron,692,GB-151844,1919,Duncan Cameron,Improvements in fountain and other reservoir pens.
1742641412-693,"Patent FR-526081, applied in 1919, by Duncan Cameron, Cameron. Perfectionnements apportés aux porte-plumes réservoir.",FR-526081,Cameron,693,FR-526081,1919,Duncan Cameron,Perfectionnements apportés aux porte-plumes réservoir.
1742641412-694,"Patent AT-81466B, applied in 1918, by Jörgen Thorvald Andersen, Unbranded. Füllfederähnliches Schreibgerät. Füllfederähnliches Schreibgerät.",AT-81466B,Unbranded,694,AT-81466B,1918,Jörgen Thorvald Andersen,Füllfederähnliches Schreibgerät. Füllfederähnliches Schreibgerät.
1742641412-695,"Patent US-1357083, applied in 1916, by Julius L. Schnell, Schnell. Feed-bar for fountain-pens.",US-1357083,Schnell,695,US-1357083,1916,Julius L. Schnell,Feed-bar for fountain-pens.
1742641412-696,"Patent IT-174083, applied in 2025, Iris. Titolo ignoto.",IT-174083,Iris,696,,,,
1742641412-697,"Patent US-1358511, applied in 1920, by Claes W. Boman, Eagle. Fountain-pen clip.",US-1358511,Eagle,697,US-1358511,1920,Claes W. Boman,Fountain-pen clip.
1742641412-698,"Patent US-1359880, applied in 1917, by Charles Dunn, Dunn. Self-filling fountain-pen.",US-1359880,Dunn,698,US-1359880,1917,Charles Dunn,Self-filling fountain-pen.
1742641412-699,"Patent US-D056681, applied in 1918, by John C. Wahl, Wahl Eversharp. Design for a pen or pencil case.",US-D056681,Wahl Eversharp,699,US-D056681,1918,John C. Wahl,Design for a pen or pencil case.
1742641412-700,"Patent GB-141075, applied in 1919, Mallat. Improvements in or relating to fountain pens.",GB-141075,Mallat,700,,,,
1742641412-701,"Patent US-1360647, applied in 1919, by Charles R. Keeran, Autopoint. Fountain-pen.",US-1360647,Autopoint,701,US-1360647,1919,Charles R. Keeran,Fountain-pen.
1742641412-702,"Patent GB-141071, applied in 1918, Mallat. Improvements in or relating to Fountain Pens.",GB-141071,Mallat,702,,,,
1742641412-703,"Patent US-1365131, applied in 1920, by Henry J. Upton, Moore Pen Company. Fountain-pen.",US-1365131,Moore Pen Company,703,US-1365131,1920,Henry J. Upton,Fountain-pen.
1742641412-704,"Patent US-1365463, applied in 1920, by Arthur O. Dahlberg, The Parker Pen Company. Fountain-pen indicator.",US-1365463,The Parker Pen Company,704,US-1365463,1920,Arthur O. Dahlberg,Fountain-pen indicator.
1742641412-705,"Patent US-1365754, applied in 1918, by John C. Wahl, Wahl Eversharp. Toggle-joint self-filling pen.",US-1365754,Wahl Eversharp,705,US-1365754,1918,John C. Wahl,Toggle-joint self-filling pen.
1742641412-706,"Patent US-1367255, applied in 1917, by Hugo S. Hasselquist, Wahl Eversharp. Fountain-pen.",US-1367255,Wahl Eversharp,706,US-1367255,1917,Hugo S. Hasselquist,Fountain-pen.
1742641412-707,"Patent FR-512990, applied in 1915, Penkala. Porte mine à mine sortante et rentrante.",FR-512990,Penkala,707,,,,
1742641412-708,"Patent FR-513181, applied in 1919, Mallat. Encrier pour remplissage de porte-plume réservoir.",FR-513181,Mallat,708,,,,
1742641412-709,"Patent GB-159119, applied in 1919, by Alice Edna Wade, Lang - Curzon - Summit. Improvements in or relating to fountain or reservoir pens.",GB-159119,Lang - Curzon - Summit,709,GB-159119,1919,Alice Edna Wade,Improvements in or relating to fountain or reservoir pens.
1742641412-710,"Patent GB-149315, applied in 1919, Mallat. Improvements in or relating to fountain pens.",GB-149315,Mallat,710,,,,
1742641412-711,"Patent FR-513549, applied in 1919, by Alice Edna Wade, Lang - Curzon - Summit. Perfectionnements aux porte-plumes à réservoir.",FR-513549,Lang - Curzon - Summit,711,FR-513549,1919,Alice Edna Wade,Perfectionnements aux porte-plumes à réservoir.
1742641412-712,"Patent GB-146930, applied in 1919, Mallat. Improvements in or relating to Fountain Pens.",GB-146930,Mallat,712,,,,
1742641412-713,"Patent FR-513812, applied in 1919, Paillard. Procédé d'engainage des mines, craies, pastels, fusains et autres matières similaires.",FR-513812,Paillard,713,,,,
1742641412-714,"Patent US-D057403, applied in 1920, by John C. Wahl, Wahl Eversharp. Design for a pen or pencil case.",US-D057403,Wahl Eversharp,714,US-D057403,1920,John C. Wahl,Design for a pen or pencil case.
1742641412-715,"Patent US-D057404, applied in 1920, by John C. Wahl, Wahl Eversharp. Design for a pen or pencil case.",US-D057404,Wahl Eversharp,715,US-D057404,1920,John C. Wahl,Design for a pen or pencil case.
1742641412-716,"Patent US-D057405, applied in 1920, by John C. Wahl, Wahl Eversharp. Design for a pen or pencil case.",US-D057405,Wahl Eversharp,716,US-D057405,1920,John C. Wahl,Design for a pen or pencil case.
1742641412-717,"Patent US-1372011, applied in 1918, by John L. De Maria, Security Pen Corporation. Fountain-pen attachment.",US-1372011,Security Pen Corporation,717,US-1372011,1918,John L. De Maria,Fountain-pen attachment.
1742641412-718,"Patent US-1372608, applied in 1920, Unbranded. Ink-content-indicating fountain-pen.",US-1372608,Unbranded,718,,,,
1742641412-719,"Patent US-D058001, applied in 1920, by Edward Todd Jr., Swan. Design for surface ornamentation for a pen, pencil, penknife, or similar article.",US-D058001,Swan,719,US-D058001,1920,Edward Todd Jr.,"Design for surface ornamentation for a pen, pencil, penknife, or similar article."
1742641412-720,"Patent SE-59425, applied in 1919, by Theodor Kovacs, Günther Wagner - Pelikan. Reservoarpenna.",SE-59425,Günther Wagner - Pelikan,720,SE-59425,1919,Theodor Kovacs,Reservoarpenna.
1742641412-721,"Patent FR-21880E, applied in 1919, Mallat. Porte-plume réservoir à remplissage automatique avec ajustage de plume invariable.",FR-21880E,Mallat,721,,,,
1742641412-722,"Patent US-1375559, applied in 1919, by Duncan Cameron, Cameron. Fountain and other reservoir-pen.",US-1375559,Cameron,722,US-1375559,1919,Duncan Cameron,Fountain and other reservoir-pen.
1742641412-723,"Patent FR-517248, applied in 1920, by Berchtold & Kunz, Unbranded. Tire-ligne à réservoir.",FR-517248,Unbranded,723,FR-517248,1920,Berchtold & Kunz,Tire-ligne à réservoir.
1742641412-724,"Patent DE-337310, applied in 1919, Penkala. Schreibstift mit verschiebbarer Mine.",DE-337310,Penkala,724,,,,
1742641412-725,"Patent US-1379890, applied in 1920, by Paul E. Wirt, Wirt. Fountain-pen.",US-1379890,Wirt,725,US-1379890,1920,Paul E. Wirt,Fountain-pen.
1742641412-726,"Patent US-1380109, applied in 1919, by Charles A. Luck, Conklin Pen Manufacturing Co.. Fountain-pen.",US-1380109,Conklin Pen Manufacturing Co.,726,,,,
1742641412-727,"Patent GB-164043, applied in 1919, by John Edward Hayes, Byers & Hayes. Improvements in fountain pens.",GB-164043,Byers & Hayes,727,GB-164043,1919,John Edward Hayes,Improvements in fountain pens.
1742641412-728,"Patent US-1381546, applied in 1919, by Wilhelm Dziambor, Montblanc. Filling-bottle for fountain-pens.",US-1381546,Montblanc,728,US-1381546,1919,Wilhelm Dziambor,Filling-bottle for fountain-pens.
1742641412-729,"Patent US-1381856, applied in 1921, by Archer Aston, Waterman. Mechanically-operated advertising device.",US-1381856,Waterman,729,US-1381856,1921,Archer Aston,Mechanically-operated advertising device.
1742641412-730,"Patent DE-338340, applied in 1915, Penkala. Drehstift mit vor- und zurueckschiebbarem Minenhalter und -auswerfer.",DE-338340,Penkala,730,,,,
1742641412-731,"Patent FR-520595, applied in 1920, Stilus. Perfectionnements dans les plumes à réservoir.",FR-520595,Stilus,731,,,,
1742641412-732,"Patent US-D058516, applied in 1921, by John C. Wahl, Wahl Eversharp. Design for a pen or pencil case.",US-D058516,Wahl Eversharp,732,US-D058516,1921,John C. Wahl,Design for a pen or pencil case.
1742641412-733,"Patent US-1385187, applied in 1919, by Philip W. Olson, W. A. Sheaffer Pen Company. Pencil.",US-1385187,W. A. Sheaffer Pen Company,733,US-1385187,1919,Philip W. Olson,A. Sheaffer Pen Company. Pencil.
1742641412-734,"Patent US-1386817, applied in 1919, by Alice Edna Wade, Lang - Curzon - Summit. Fountain or reservoir pen.",US-1386817,Lang - Curzon - Summit,734,US-1386817,1919,Alice Edna Wade,Fountain or reservoir pen.
1742641412-735,"Patent US-D058693, applied in 1921, by John C. Wahl, Wahl Eversharp. Design for a pen or pencil case.",US-D058693,Wahl Eversharp,735,US-D058693,1921,John C. Wahl,Design for a pen or pencil case.
1742641412-736,"Patent US-D058694, applied in 1921, by John H. Worthy, Wahl Eversharp. Design for a pen or pencil case.",US-D058694,Wahl Eversharp,736,US-D058694,1921,John H. Worthy,Design for a pen or pencil case.
1742641412-737,"Patent FR-22933E, applied in 1919, Mallat. Porte-plume réservoir à remplissage automatique avec ajustage de plume invariable.",FR-22933E,Mallat,737,,,,
1742641412-738,"Patent FR-22935E, applied in 1919, Mallat. Porte-plume réservoir à remplissage automatique avec ajustage de plume invariable.",FR-22935E,Mallat,738,,,,
1742641412-739,"Patent US-1390366, applied in 1919, by Roderick J. Mackenzie, Crocker. Fountain-pen.",US-1390366,Crocker,739,US-1390366,1919,Roderick J. Mackenzie,Fountain-pen.
1742641412-740,"Patent GB-154556, applied in 1919, Klio-Werk. Improved fountain pen holder.",GB-154556,Klio-Werk,740,,,,
1742641412-741,"Patent US-D059035, applied in 1919, by Walter A. Sheaffer, W. A. Sheaffer Pen Company. Design for a pencil.",US-D059035,W. A. Sheaffer Pen Company,741,US-D059035,1919,Walter A. Sheaffer,A. Sheaffer Pen Company. Design for a pencil.
1742641412-742,"Patent US-D059052, applied in 1921, by John H. Worthy, Clarence W. Lund, Wahl Eversharp. Design for a pen or pencil case.",US-D059052,Wahl Eversharp,742,US-D059052,1921,John H. Worthy,"Lund, Wahl Eversharp. Design for a pen or pencil case."
1742641412-743,"Patent US-1391430, applied in 1917, by Milton C. Taylor, Wahl Eversharp. Fountain-pen.",US-1391430,Wahl Eversharp,743,US-1391430,1917,Milton C. Taylor,Fountain-pen.
1742641412-744,"Patent FR-526035, applied in 1920, by William P. De Witt, De Witt-La France. Porte-mine.",FR-526035,De Witt-La France,744,FR-526035,1920,William P. De Witt,Porte-mine.
1742641412-745,"Patent GB-169616, applied in 1920, by Jean-Marie Cavaillé, Unbranded. Improvements in fountain pens.",GB-169616,Unbranded,745,GB-169616,1920,Jean-Marie Cavaillé,Improvements in fountain pens.
1742641412-746,"Patent GB-147522, applied in 1919, Paillard. Improved casing for ""sticks"" of fragile and soft materials for drawing, writing and the like purposes.",GB-147522,Paillard,746,,,,
1742641412-747,"Patent CH-91351, applied in 1920, Stilus. Plume à réservoir.",CH-91351,Stilus,747,,,,
1742641412-748,"Patent FR-527150, applied in 1920, by Louis Badois, Météore - La Plume d'Or. Système perfectionné de porte-plume réservoir.",FR-527150,Météore - La Plume d'Or,748,FR-527150,1920,Louis Badois,Système perfectionné de porte-plume réservoir.
1742641412-749,"Patent AT-85902, applied in 1919, by Joseph Müller, Unbranded. Füllfederhalter.",AT-85902,Unbranded,749,AT-85902,1919,Joseph Müller,Füllfederhalter.
1742641412-750,"Patent US-1395316, applied in 1919, by John C. Wahl, Wahl Eversharp. Chasing-machine.",US-1395316,Wahl Eversharp,750,US-1395316,1919,John C. Wahl,Chasing-machine.
1742641412-751,"Patent US-1395878, applied in 1921, by Henry J. Upton, Vaughn-Upton. Fountain-pen.",US-1395878,Vaughn-Upton,751,US-1395878,1921,Henry J. Upton,Fountain-pen.
1742641412-752,"Patent GB-171154, applied in 1920, by William P. De Witt, De Witt-La France. Improvements in pencil holders.",GB-171154,De Witt-La France,752,GB-171154,1920,William P. De Witt,Improvements in pencil holders.
1742641412-753,"Patent FR-528716, applied in 1917, by Theodor Kovacs, Günther Wagner - Pelikan. Plume à dessin notamment pour porte-plume réservoir.",FR-528716,Günther Wagner - Pelikan,753,FR-528716,1917,Theodor Kovacs,Plume à dessin notamment pour porte-plume réservoir.
1742641412-754,"Patent FR-529601, applied in 1919, by Alice Edna Wade, Lang - Curzon - Summit. Perfectionnements aux porte-plume-fontaines ou réservoirs.",FR-529601,Lang - Curzon - Summit,754,FR-529601,1919,Alice Edna Wade,Perfectionnements aux porte-plume-fontaines ou réservoirs.
1742641412-755,"Patent FR-530688, applied in 1920, by Jean-Marie Cavaillé, Unbranded. Porte-plume à réservoir.",FR-530688,Unbranded,755,FR-530688,1920,Jean-Marie Cavaillé,Porte-plume à réservoir.
1742641412-756,"Patent US-1402409, applied in 1921, by Marx Finstone, Eclipse. Fountain pen.",US-1402409,Eclipse,756,US-1402409,1921,Marx Finstone,Fountain pen.
1742641412-757,"Patent FR-531284, applied in 1920, by Charlesworth Livsey, Lang - Curzon - Summit. Perfectionnements apportés aux porte-plumes à réservoir.",FR-531284,Lang - Curzon - Summit,757,FR-531284,1920,Charlesworth Livsey,Perfectionnements apportés aux porte-plumes à réservoir.
1742641412-758,"Patent US-1406077, applied in 1917, by Arthur F. Poole, Wahl Eversharp. Single-magazine pencil.",US-1406077,Wahl Eversharp,758,US-1406077,1917,Arthur F. Poole,Single-magazine pencil.
1742641412-759,"Patent GB-175382, applied in 1920, by Louis Badois, Météore - La Plume d'Or. Improvements in and relating to fountain pens.",GB-175382,Météore - La Plume d'Or,759,GB-175382,1920,Louis Badois,Improvements in and relating to fountain pens.
1742641412-760,"Patent US-1407552, applied in 1920, by Rudolph Wm. Lotz, Kraker. Fountain pen.",US-1407552,Kraker,760,US-1407552,1920,Rudolph Wm. Lotz,Fountain pen.
1742641412-761,"Patent DE-349147, applied in 1920, by William P. De Witt, De Witt-La France. Schreibstift mit verschiebbarem Minentraeger.",DE-349147,De Witt-La France,761,DE-349147,1920,William P. De Witt,Schreibstift mit verschiebbarem Minentraeger.
1742641412-762,"Patent DE-349408, applied in 1919, by Theodor Kovacs, Günther Wagner - Pelikan. Rohrfeder für Füllfederhalter.",DE-349408,Günther Wagner - Pelikan,762,DE-349408,1919,Theodor Kovacs,Rohrfeder für Füllfederhalter.
1742641412-763,"Patent DE-349410, applied in 1920, by Theodor Kovacs, Günther Wagner - Pelikan. Schreib- oder Zeichengeraet mit Befestigung der Feder durch einen Ring.",DE-349410,Günther Wagner - Pelikan,763,DE-349410,1920,Theodor Kovacs,Schreib- oder Zeichengeraet mit Befestigung der Feder durch einen Ring.
1742641412-764,"Patent US-1408545, applied in 1920, by John Straka, Wahl Eversharp. Fountain-pen.",US-1408545,Wahl Eversharp,764,US-1408545,1920,John Straka,Fountain-pen.
1742641412-765,"Patent AT-87532B, applied in 1915, Penkala. Drehstift mit verschiebbarer und zurückschiebbarer Mine.",AT-87532B,Penkala,765,,,,
1742641412-766,"Patent US-1409616, applied in 1921, Unbranded. Fountain pen.",US-1409616,Unbranded,766,,,,
1742641412-767,"Patent CH-93596, applied in 1919, Paillard. Procédé et appareil d'engainage de matières fragiles en bâtons.",CH-93596,Paillard,767,,,,
1742641412-768,"Patent US-1411715, applied in 1921, by Marx Finstone, Eclipse. Magazine Pencil.",US-1411715,Eclipse,768,US-1411715,1921,Marx Finstone,Magazine Pencil.
1742641412-769,"Patent DE-351930, applied in 1919, by Theodor Kovacs, Günther Wagner - Pelikan. Füllfederhalter mit Schreibspitze.",DE-351930,Günther Wagner - Pelikan,769,DE-351930,1919,Theodor Kovacs,Füllfederhalter mit Schreibspitze.
1742641412-770,"Patent US-1415211, applied in 1920, by John C. Wahl, Wahl Eversharp. Chasing machine.",US-1415211,Wahl Eversharp,770,US-1415211,1920,John C. Wahl,Chasing machine.
1742641412-771,"Patent US-1419026, applied in 1921, by Arthur O. Dahlberg, The Parker Pen Company. Fountain pen.",US-1419026,The Parker Pen Company,771,US-1419026,1921,Arthur O. Dahlberg,Fountain pen.
1742641412-772,"Patent US-1420275, applied in 1918, by Lucifer J. Most, Unbranded. Pencil.",US-1420275,Unbranded,772,US-1420275,1918,Lucifer J. Most,Pencil.
1742641412-773,"Patent FR-539994, applied in 1921, Unbranded. Bague-verrou irréversible pour stylo.",FR-539994,Unbranded,773,,,,
1742641412-774,"Patent GB-182234, applied in 1921, by George Davies, Wyvern Fountain Pen Company. Improvements in and relating to propelling actions or devices for pencil holders.",GB-182234,Wyvern Fountain Pen Company,774,GB-182234,1921,George Davies,Improvements in and relating to propelling actions or devices for pencil holders.
1742641412-775,"Patent DE-356212, applied in 1919, Paillard. Verfahren zum Einbetten der Minen von Schreib- und Zeichenstiften.",DE-356212,Paillard,775,,,,
1742641412-776,"Patent GB-182620, applied in 1921, by Eric Ernest Samuel Wade, Lang - Curzon - Summit. Improvements in or relating to Fountain or Reservoir Pens.",GB-182620,Lang - Curzon - Summit,776,GB-182620,1921,Eric Ernest Samuel Wade,Improvements in or relating to Fountain or Reservoir Pens.
1742641412-777,"Patent DE-356665, applied in 1919, by Duncan Cameron, Cameron. Füllfederhalter.",DE-356665,Cameron,777,DE-356665,1919,Duncan Cameron,Füllfederhalter.
1742641412-778,"Patent US-1423603, applied in 1919, by David J. La France, William P. De Witt, De Witt-La France. Pencil.",US-1423603,De Witt-La France,778,US-1423603,1919,David J. La France,"De Witt, De Witt-La France. Pencil."
1742641412-779,"Patent GB-183340, applied in 1921, by William Livsey, Lang - Curzon - Summit. Improvements in or relating to means for retaining pens, pencils, and the like in the pockets of garments.",GB-183340,Lang - Curzon - Summit,779,GB-183340,1921,William Livsey,"Improvements in or relating to means for retaining pens, pencils, and the like in the pockets of garments."
1742641412-780,"Patent GB-184071, applied in 1921, by Edward Stephen Sears, Swan. Improvements in or relating to reservoir pen-holders.",GB-184071,Swan,780,GB-184071,1921,Edward Stephen Sears,Improvements in or relating to reservoir pen-holders.
1742641412-781,"Patent US-1425871, applied in 1921, by John G. Liddel, Moore Pen Company. Mechanical pencil.",US-1425871,Moore Pen Company,781,US-1425871,1921,John G. Liddel,Mechanical pencil.
1742641412-782,"Patent US-1426200, applied in 1920, by Theodor Kovacs, Günther Wagner - Pelikan. Fountain pen.",US-1426200,Günther Wagner - Pelikan,782,US-1426200,1920,Theodor Kovacs,Fountain pen.
1742641412-783,"Patent US-1426744, applied in 1919, by Charles R. Keeran, Frank R. Taylor, Autopoint. Pencil.",US-1426744,Autopoint,783,US-1426744,1919,Charles R. Keeran,"Taylor, Autopoint. Pencil."
1742641412-784,"Patent DE-357349, applied in 1919, by Alice Edna Wade, Lang - Curzon - Summit. Sicherheitsfuellfederhalter.",DE-357349,Lang - Curzon - Summit,784,DE-357349,1919,Alice Edna Wade,Sicherheitsfuellfederhalter.
1742641412-785,"Patent US-1428195, applied in 1921, by John C. Wahl, Peter G. Jacobson, Wahl Eversharp. Metal box.",US-1428195,Wahl Eversharp,785,US-1428195,1921,John C. Wahl,"Jacobson, Wahl Eversharp. Metal box."
1742641412-786,"Patent GB-185512, applied in 1921, by Harold Ashley Stevens, Oscar Drewe Harris, Whytwarth. Improvements in reservoir pens and the like.",GB-185512,Whytwarth,786,GB-185512,1921,Harold Ashley Stevens,Improvements in reservoir pens and the like.
1742641412-787,"Patent AT-89597, applied in 1919, Paillard. Verfahren zum Umhüllen von Minen aus Graphit.",AT-89597,Paillard,787,,,,
1742641412-788,"Patent GB-186818, applied in 1920, by Louis Badois, Météore - La Plume d'Or. Improvements in and relating to fountain pens.",GB-186818,Météore - La Plume d'Or,788,GB-186818,1920,Louis Badois,Improvements in and relating to fountain pens.
1742641412-789,"Patent DE-361490, applied in 1919, Klio-Werk. Füllfederhalter.",DE-361490,Klio-Werk,789,,,,
1742641412-790,"Patent US-1433325, applied in 1919, by Arthur Winter, Porter S. Morgan, Dictator. Fountain pen.",US-1433325,Dictator,790,US-1433325,1919,Arthur Winter,"Morgan, Dictator. Fountain pen."
1742641412-791,"Patent CA-225369, applied in 1921, by Donald Ladd, Dictator. Pencil.",CA-225369,Dictator,791,CA-225369,1921,Donald Ladd,Pencil.
1742641412-792,"Patent US-1434684, applied in 1919, by David J. La France, William P. De Witt, De Witt-La France. Pencil.",US-1434684,De Witt-La France,792,US-1434684,1919,David J. La France,"De Witt, De Witt-La France. Pencil."
1742641412-793,"Patent US-1435446, applied in 1921, by David W. Beaumel, Beaumel. Self-filling fountain pen.",US-1435446,Beaumel,793,US-1435446,1921,David W. Beaumel,Self-filling fountain pen.
1742641412-794,"Patent US-1437180, applied in 1920, by Ernest E. Hill, Wahl Eversharp. Mechanical pencil.",US-1437180,Wahl Eversharp,794,US-1437180,1920,Ernest E. Hill,Mechanical pencil.
1742641412-795,"Patent FR-25039E, applied in 1920, by Louis Badois, Météore - La Plume d'Or. Improvements in and relating to fountain pens.",FR-25039E,Météore - La Plume d'Or,795,FR-25039E,1920,Louis Badois,Improvements in and relating to fountain pens.
1742641412-796,"Patent DE-366684, applied in 1920, by Theodor Kovacs, Günther Wagner - Pelikan. Selbsttaetiger Fuellhalter, insbesondere fuer Stahlfedern.",DE-366684,Günther Wagner - Pelikan,796,DE-366684,1920,Theodor Kovacs,"Selbsttaetiger Fuellhalter, insbesondere fuer Stahlfedern."
1742641412-797,"Patent US-1443399, applied in 1921, Inkograph. Pencil.",US-1443399,Inkograph,797,,,,
1742641412-798,"Patent US-1443515, applied in 1921, by Arthur Winter, Dictator. Fountain pen.",US-1443515,Dictator,798,US-1443515,1921,Arthur Winter,Fountain pen.
1742641412-799,"Patent DE-368070, applied in 1920, by Charlesworth Livsey, Lang - Curzon - Summit. Fuellfederhalter.",DE-368070,Lang - Curzon - Summit,799,DE-368070,1920,Charlesworth Livsey,Fuellfederhalter.
1742641412-800,"Patent DE-368196, applied in 1920, Stilus. Füllfederhalter.",DE-368196,Stilus,800,,,,
1742641412-801,"Patent FR-549123, applied in 1921, Dictator. Crayon porte-mine à magasin.",FR-549123,Dictator,801,,,,
1742641412-802,"Patent DE-369345, applied in 1921, Dictator. Magazinschreibstift.",DE-369345,Dictator,802,,,,
1742641412-803,"Patent US-1446524, applied in 1922, by Ivan D. Tefft, Wahl Eversharp. Fountain pen.",US-1446524,Wahl Eversharp,803,US-1446524,1922,Ivan D. Tefft,Fountain pen.
1742641412-804,"Patent US-1447790, applied in 1921, by Theodor Kovacs, Günther Wagner - Pelikan. Filling device with rubber cap for fountain pens.",US-1447790,Günther Wagner - Pelikan,804,US-1447790,1921,Theodor Kovacs,Filling device with rubber cap for fountain pens.
1742641412-805,"Patent GB-194751, applied in 1921, by Ryosuke Namiki, Pilot. Improvements in Fountain Pens.",GB-194751,Pilot,805,GB-194751,1921,Ryosuke Namiki,Improvements in Fountain Pens.
1742641412-806,"Patent GB-179145, applied in 1921, by Donald Ladd, Dictator. Improvements in pencils.",GB-179145,Dictator,806,GB-179145,1921,Donald Ladd,Improvements in pencils.
1742641412-807,"Patent GB-194895, applied in 1922, by Leslie Roy Wade, Lang - Curzon - Summit. Improvements in or relating to fountain pens.",GB-194895,Lang - Curzon - Summit,807,GB-194895,1922,Leslie Roy Wade,Improvements in or relating to fountain pens.
1742641412-808,"Patent US-1450162, applied in 1921, by William Livsey, Lang - Curzon - Summit. Means for retaining pens, pencils, and the like in the pockets of garments.",US-1450162,Lang - Curzon - Summit,808,US-1450162,1921,William Livsey,"Means for retaining pens, pencils, and the like in the pockets of garments."
1742641412-809,"Patent CH-98575, applied in 1921, by Louis Badois, Météore - La Plume d'Or. Porte-plume réservoir.",CH-98575,Météore - La Plume d'Or,809,CH-98575,1921,Louis Badois,Porte-plume réservoir.
1742641412-810,"Patent US-1450398, applied in 1919, by Arthur Winter, Dictator. Pen.",US-1450398,Dictator,810,US-1450398,1919,Arthur Winter,Pen.
1742641412-811,"Patent US-1452653, applied in 1920, by Arthur F. Poole, George B. Vernier, Wahl Eversharp. Fountain pen.",US-1452653,Wahl Eversharp,811,US-1452653,1920,Arthur F. Poole,"Vernier, Wahl Eversharp. Fountain pen."
1742641412-812,"Patent US-1452674, applied in 1919, by Albert Edmund Barnes, Security Pen Corporation. Check protector.",US-1452674,Security Pen Corporation,812,US-1452674,1919,Albert Edmund Barnes,Check protector.
1742641412-813,"Patent FR-552565, applied in 1921, by Samuel Wade, Whytwarth. Perfectionnements aux porte-plumes à réservoir et objets analogues.",FR-552565,Whytwarth,813,FR-552565,1921,Samuel Wade,Perfectionnements aux porte-plumes à réservoir et objets analogues.
1742641412-814,"Patent DE-376257, applied in 1921, Whytwarth. Fuellfederhalter.",DE-376257,Whytwarth,814,,,,
1742641412-815,"Patent DE-376387, applied in 1921, Montblanc. Füllbleistift.",DE-376387,Montblanc,815,,,,
1742641412-816,"Patent US-1457011, applied in 1920, by Horace H. Welch, Wahl Eversharp. Pencil.",US-1457011,Wahl Eversharp,816,US-1457011,1920,Horace H. Welch,Pencil.
1742641412-817,"Patent US-1457765, applied in 1921, by Louis Badois, Météore - La Plume d'Or. Fountain pen.",US-1457765,Météore - La Plume d'Or,817,US-1457765,1921,Louis Badois,Fountain pen.
1742641412-818,"Patent US-1457875, applied in 1922, by Noel H. Coates, Unbranded. Stylographic fountain pen.",US-1457875,Unbranded,818,US-1457875,1922,Noel H. Coates,Stylographic fountain pen.
1742641412-819,"Patent FR-554761, applied in 1921, by Edward Stephen Sears, Swan. Perfectionnements apportés aux porte-plumes à réservoir.",FR-554761,Swan,819,FR-554761,1921,Edward Stephen Sears,Perfectionnements apportés aux porte-plumes à réservoir.
1742641412-820,"Patent US-1459073, applied in 1919, by Stanley E. Peters, Security Pen Corporation. Self-filling fountain pen.",US-1459073,Security Pen Corporation,820,US-1459073,1919,Stanley E. Peters,Self-filling fountain pen.
1742641412-821,"Patent DE-377877, applied in 1922, Fend. Fuellbleistift.",DE-377877,Fend,821,,,,
1742641412-822,"Patent FR-556090, applied in 1921, by William Livsey, Lang - Curzon - Summit. Perfectionnements apportés aux moyens d'accrocher les stylos, porte-plumes, crayons poches des vêtements.",FR-556090,Lang - Curzon - Summit,822,FR-556090,1921,William Livsey,"Perfectionnements apportés aux moyens d'accrocher les stylos, porte-plumes, crayons poches des vêtements."
1742641412-823,"Patent US-1463803, applied in 1922, by William P. De Witt, De Witt-La France. Pencil with adjustable lead.",US-1463803,De Witt-La France,823,US-1463803,1922,William P. De Witt,Pencil with adjustable lead.
1742641412-824,"Patent GB-202093, applied in 1922, by William Livsey, Lang - Curzon - Summit. Improvements in or relating to fountain or reservoir pens.",GB-202093,Lang - Curzon - Summit,824,GB-202093,1922,William Livsey,Improvements in or relating to fountain or reservoir pens.
1742641412-825,"Patent GB-202183, applied in 1922, Montblanc. Improvements in pencil holders.",GB-202183,Montblanc,825,,,,
1742641412-826,"Patent DE-379275, applied in 1922, Montblanc. Fülbleistift.",DE-379275,Montblanc,826,,,,
1742641412-827,"Patent US-1465957, applied in 1922, by John C. Wahl, Wahl Eversharp. Clip for mechanical pencils.",US-1465957,Wahl Eversharp,827,US-1465957,1922,John C. Wahl,Clip for mechanical pencils.
1742641412-828,"Patent AT-94205, applied in 1921, Dictator. Füllbleistift.",AT-94205,Dictator,828,,,,
1742641412-829,"Patent US-1468025, applied in 1923, by David Klein, Eclipse. Clip for fountain pens.",US-1468025,Eclipse,829,US-1468025,1923,David Klein,Clip for fountain pens.
1742641412-830,"Patent US-1469921, applied in 1922, by John Dutchak, Unbranded. Fountain pen.",US-1469921,Unbranded,830,US-1469921,1922,John Dutchak,Fountain pen.
1742641412-831,"Patent DE-381782, applied in 1922, Montblanc. Füllreissfeder.",DE-381782,Montblanc,831,,,,
1742641412-832,"Patent CA-234983, applied in 1921, by John D. Turner, Dictator. Fountain pen.",CA-234983,Dictator,832,CA-234983,1921,John D. Turner,Fountain pen.
1742641412-833,"Patent FR-561704, applied in 1922, by Leslie Roy Wade, Lang - Curzon - Summit. Porte-plume réservoir, porte-mine, ou autre objet analogue.",FR-561704,Lang - Curzon - Summit,833,FR-561704,1922,Leslie Roy Wade,"Porte-plume réservoir, porte-mine, ou autre objet analogue."
1742641412-834,"Patent DE-383712, applied in 1922, Montblanc. Füllreissfeder.",DE-383712,Montblanc,834,,,,
1742641412-835,"Patent US-1472962, applied in 1920, by William P. De Witt, De Witt-La France. Pencil.",US-1472962,De Witt-La France,835,US-1472962,1920,William P. De Witt,Pencil.
1742641412-836,"Patent US-1472963, applied in 1922, by William P. De Witt, De Witt-La France. Lever-filler fountain pen.",US-1472963,De Witt-La France,836,US-1472963,1922,William P. De Witt,Lever-filler fountain pen.
1742641412-837,"Patent US-1473215, applied in 1922, by William P. De Witt, De Witt-La France. Display cabinet.",US-1473215,De Witt-La France,837,US-1473215,1922,William P. De Witt,Display cabinet.
1742641412-838,"Patent US-1473701, applied in 1922, by Byron B. Goldsmith, Unbranded. Inkstand for soluble ink.",US-1473701,Unbranded,838,US-1473701,1922,Byron B. Goldsmith,Inkstand for soluble ink.
1742641412-839,"Patent CH-102306, applied in 1922, Dictator. Crayon porte-mines à magasin.",CH-102306,Dictator,839,,,,
1742641412-840,"Patent DE-384550, applied in 1922, by Vatroslav Lederer, Penkala. Federhalter.",DE-384550,Penkala,840,DE-384550,1922,Vatroslav Lederer,Federhalter.
1742641412-841,"Patent US-1475953, applied in 1923, by David Klein, Eclipse. Lever for self-filler fountain pens.",US-1475953,Eclipse,841,US-1475953,1923,David Klein,Lever for self-filler fountain pens.
1742641412-842,"Patent US-1475954, applied in 1923, by David Klein, Eclipse. Self-filling fountain pen.",US-1475954,Eclipse,842,US-1475954,1923,David Klein,Self-filling fountain pen.
1742641412-843,"Patent FR-563434, applied in 1922, Montblanc. Tire-ligne à réservoir.",FR-563434,Montblanc,843,,,,
1742641412-844,"Patent GB-207904, applied in 1922, by Herbert Gornell, Gold Starry. Improvements in, or relating to fountain pens.",GB-207904,Gold Starry,844,GB-207904,1922,Herbert Gornell,"Improvements in, or relating to fountain pens."
1742641412-845,"Patent DE-386670, applied in 1923, Montblanc. Gerät zum Füllen von Füllfederhaltern.",DE-386670,Montblanc,845,,,,
1742641412-846,"Patent DE-387264, applied in 1921, Penkala. Schreibstift mit unter Federwirkung stehendem, verschiebbarem Minentraeger.",DE-387264,Penkala,846,,,,
1742641412-847,"Patent US-1479996, applied in 1922, by Gustav A. Lundmark, Unbranded. Combined fountain pen and lead pencil.",US-1479996,Unbranded,847,US-1479996,1922,Gustav A. Lundmark,Combined fountain pen and lead pencil.
1742641412-848,"Patent US-1480302, applied in 1922, by Ernst Rösler, Montblanc. Fountain drawing pen.",US-1480302,Montblanc,848,US-1480302,1922,Ernst Rösler,Fountain drawing pen.
1742641412-849,"Patent DE-388317, applied in 1921, John Hancock. Füllfederhalter.",DE-388317,John Hancock,849,,,,
1742641412-850,"Patent US-1480690, applied in 1922, by Stanley E. Peters, Security Pen Corporation. Check protector.",US-1480690,Security Pen Corporation,850,US-1480690,1922,Stanley E. Peters,Check protector.
1742641412-851,"Patent GB-195394, applied in 1922, Montblanc. Reservoir drawing pen.",GB-195394,Montblanc,851,,,,
1742641412-852,"Patent DE-389138, applied in 1921, by William Livsey, Lang - Curzon - Summit. Abnehmbare Taschenklammer.",DE-389138,Lang - Curzon - Summit,852,DE-389138,1921,William Livsey,Abnehmbare Taschenklammer.
1742641412-853,"Patent US-1482568, applied in 1921, by John H. Kritikson, Security Pen Corporation. Fountain Pen.",US-1482568,Security Pen Corporation,853,US-1482568,1921,John H. Kritikson,Fountain Pen.
1742641412-854,"Patent US-1483675, applied in 1920, by Stanley E. Peters, Security Pen Corporation. Feed bar for fountain pens.",US-1483675,Security Pen Corporation,854,US-1483675,1920,Stanley E. Peters,Feed bar for fountain pens.
1742641412-855,"Patent US-1484077, applied in 1920, by Earl F. Pierce, Wahl Eversharp. Lead pencil.",US-1484077,Wahl Eversharp,855,US-1484077,1920,Earl F. Pierce,Lead pencil.
1742641412-856,"Patent US-1484683, applied in 1921, by Lewis M. Tebbel, The Parker Pen Company. Self-filling fountain pen.",US-1484683,The Parker Pen Company,856,US-1484683,1921,Lewis M. Tebbel,Self-filling fountain pen.
1742641412-857,"Patent US-1485073, applied in 1921, by Charles J. Funk, Wahl Eversharp. Pencil.",US-1485073,Wahl Eversharp,857,US-1485073,1921,Charles J. Funk,Pencil.
1742641412-858,"Patent CA-238293, applied in 1922, by Leslie Roy Wade, Lang - Curzon - Summit. Improvements in or relating to fountain pens and the like.",CA-238293,Lang - Curzon - Summit,858,CA-238293,1922,Leslie Roy Wade,Improvements in or relating to fountain pens and the like.
1742641412-859,"Patent US-1486246, applied in 1922, by Oscar B. Hjorth, The Parker Pen Company. Fountain pen.",US-1486246,The Parker Pen Company,859,US-1486246,1922,Oscar B. Hjorth,Fountain pen.
1742641412-860,"Patent US-1486812, applied in 1922, by George Sweetser, Unbranded. Stopper for inkbottles.",US-1486812,Unbranded,860,US-1486812,1922,George Sweetser,Stopper for inkbottles.
1742641412-861,"Patent DE-391847, applied in 1922, by Vatroslav Lederer, Penkala. Schreibstift mit Zuggetriebe.",DE-391847,Penkala,861,DE-391847,1922,Vatroslav Lederer,Schreibstift mit Zuggetriebe.
1742641412-862,"Patent US-1486973, applied in 1922, by William J. Lilly, Unbranded. Lettering pen.",US-1486973,Unbranded,862,US-1486973,1922,William J. Lilly,Lettering pen.
1742641412-863,"Patent FR-568196, applied in 1923, by Etienne Luciani-Tournon, Unbranded. Porte-taille crayon.",FR-568196,Unbranded,863,FR-568196,1923,Etienne Luciani-Tournon,Porte-taille crayon.
1742641412-864,"Patent US-1488385, applied in 1921, by William P. De Witt, De Witt-La France. Pencil with floating clutch.",US-1488385,De Witt-La France,864,US-1488385,1921,William P. De Witt,Pencil with floating clutch.
1742641412-865,"Patent GB-213142, applied in 1923, by Alexander Munro, Research Fountain Pen. Improvements in self-filling reservoir pens.",GB-213142,Research Fountain Pen,865,GB-213142,1923,Alexander Munro,Improvements in self-filling reservoir pens.
1742641412-866,"Patent FR-568834, applied in 1922, De La Rue - Onoto. Perfectionnements aux plumes réservoirs.",FR-568834,De La Rue - Onoto,866,,,,
1742641412-867,"Patent US-1489590, applied in 1920, by Herbert L. Carman, Swan. Magazine pencil.",US-1489590,Swan,867,US-1489590,1920,Herbert L. Carman,Magazine pencil.
1742641412-868,"Patent US-1490231, applied in 1920, by Arthur F. Poole, Wahl Eversharp. Fountain-pen clip.",US-1490231,Wahl Eversharp,868,US-1490231,1920,Arthur F. Poole,Fountain-pen clip.
1742641412-869,"Patent US-1490244, applied in 1917, by John C. Wahl, Wahl Eversharp. Self-loading magazine pencil.",US-1490244,Wahl Eversharp,869,US-1490244,1917,John C. Wahl,Self-loading magazine pencil.
1742641412-870,"Patent US-1490245, applied in 1920, by John C. Wahl, Wahl Eversharp. Mechanical pencil.",US-1490245,Wahl Eversharp,870,US-1490245,1920,John C. Wahl,Mechanical pencil.
1742641412-871,"Patent US-1490246, applied in 1921, by John C. Wahl, Wahl Eversharp. Mechanical pencil.",US-1490246,Wahl Eversharp,871,US-1490246,1921,John C. Wahl,Mechanical pencil.
1742641412-872,"Patent US-1490247, applied in 1921, by John C. Wahl, Wahl Eversharp. Pencil.",US-1490247,Wahl Eversharp,872,US-1490247,1921,John C. Wahl,Pencil.
1742641412-873,"Patent US-1490681, applied in 1921, by Harold Ashley Stevens, Whytwarth. Reservoir pen and the like.",US-1490681,Whytwarth,873,US-1490681,1921,Harold Ashley Stevens,Reservoir pen and the like.
1742641412-874,"Patent US-1490686, applied in 1921, by John C. Wahl, Wahl Eversharp. Fountain pen.",US-1490686,Wahl Eversharp,874,US-1490686,1921,John C. Wahl,Fountain pen.
1742641412-875,"Patent US-1490735, applied in 1923, by William P. De Witt, De Witt-La France. Fountain pen, lever filler.",US-1490735,De Witt-La France,875,US-1490735,1923,William P. De Witt,"Fountain pen, lever filler."
1742641412-876,"Patent US-1492451, applied in 1923, by Walter E. Guyot, The Parker Pen Company. Refill mechanism for fountain pens.",US-1492451,The Parker Pen Company,876,US-1492451,1923,Walter E. Guyot,Refill mechanism for fountain pens.
1742641412-877,"Patent FR-570444, applied in 1923, by Karl Fend, Fend. Porte-mine.",FR-570444,Fend,877,FR-570444,1923,Karl Fend,Porte-mine.
1742641412-878,"Patent US-1493833, applied in 1922, by Leslie Roy Wade, Lang - Curzon - Summit. Fountain pen and the like.",US-1493833,Lang - Curzon - Summit,878,US-1493833,1922,Leslie Roy Wade,Fountain pen and the like.
1742641412-879,"Patent NL-11429, applied in 1919, by Theodor Kovacs, Günther Wagner - Pelikan. Fountain pen.",NL-11429,Günther Wagner - Pelikan,879,NL-11429,1919,Theodor Kovacs,Fountain pen.
1742641412-880,"Patent GB-215803, applied in 1922, by Thomas Edward Ruddherham, Osmond Blythe Wade, Lang - Curzon - Summit. Improvements in and relating to fountain pens.",GB-215803,Lang - Curzon - Summit,880,GB-215803,1922,Thomas Edward Ruddherham,Improvements in and relating to fountain pens.
1742641412-881,"Patent DE-396083, applied in 1923, Montblanc. Verfahren zum Anbringen einer Einlage in die Stirnflaeche von Federhaltern.",DE-396083,Montblanc,881,,,,
1742641412-882,"Patent DE-396084, applied in 1919, by Giuseppe Tibaldi, Tibaldi. Füllfederhalter.",DE-396084,Tibaldi,882,DE-396084,1919,Giuseppe Tibaldi,Füllfederhalter.
1742641412-883,"Patent US-1495890, applied in 1920, by Joseph F. Day, Unbranded. Combined fountain-pen and pencil.",US-1495890,Unbranded,883,US-1495890,1920,Joseph F. Day,Combined fountain-pen and pencil.
1742641412-884,"Patent US-1498558, applied in 1923, by Arthur K. Liddell, Corona Pen Company. Fountain-pen ink-feeding device.",US-1498558,Corona Pen Company,884,US-1498558,1923,Arthur K. Liddell,Fountain-pen ink-feeding device.
1742641412-885,"Patent GB-217783, applied in 1923, by William Livsey, Lang - Curzon - Summit. Improvements in or relating to means for retaining pens, pencils, and the like, in the pockets of garments.",GB-217783,Lang - Curzon - Summit,885,GB-217783,1923,William Livsey,"Improvements in or relating to means for retaining pens, pencils, and the like, in the pockets of garments."
1742641412-886,"Patent FR-574169, applied in 1922, by Herbert Gornell, Gold Starry. Perfectionnements apportés aux porte-plumes réservoirs ou stylographes.",FR-574169,Gold Starry,886,FR-574169,1922,Herbert Gornell,Perfectionnements apportés aux porte-plumes réservoirs ou stylographes.
1742641412-887,"Patent FR-574637, applied in 1923, by Louis Badois, Météore - La Plume d'Or. Perfectionnements apportés aux porte-plumes.",FR-574637,Météore - La Plume d'Or,887,FR-574637,1923,Louis Badois,Perfectionnements apportés aux porte-plumes.
1742641412-888,"Patent DE-398912, applied in 1923, Montblanc. Füllvorrichtung für Füllfederhaltern.",DE-398912,Montblanc,888,,,,
1742641412-889,"Patent US-1504747, applied in 1921, by William P. De Witt, De Witt-La France. Display cabinet for pens and pencils.",US-1504747,De Witt-La France,889,US-1504747,1921,William P. De Witt,Display cabinet for pens and pencils.
1742641412-890,"Patent DE-400356, applied in 1923, Montblanc. Füllfederhalter.",DE-400356,Montblanc,890,,,,
1742641412-891,"Patent GB-220435, applied in 1923, by Karl Fend, Fend. Pencil holder.",GB-220435,Fend,891,GB-220435,1923,Karl Fend,Pencil holder.
1742641412-892,"Patent US-1506207, applied in 1922, by John C. Wahl, Wahl Eversharp. Fastening device to be used in connection with mechanical pencils, fountain pens, and the like.",US-1506207,Wahl Eversharp,892,US-1506207,1922,John C. Wahl,"Fastening device to be used in connection with mechanical pencils, fountain pens, and the like."
1742641412-893,"Patent GB-220793, applied in 1923, by Theodor Kovacs, Günther Wagner - Pelikan. Improvements in reservoir pens.",GB-220793,Günther Wagner - Pelikan,893,GB-220793,1923,Theodor Kovacs,Improvements in reservoir pens.
1742641412-894,"Patent US-1506795, applied in 1917, by John C. Wahl, Wahl Eversharp. Mechanical pencils.",US-1506795,Wahl Eversharp,894,US-1506795,1917,John C. Wahl,Mechanical pencils.
1742641412-895,"Patent US-1507622, applied in 1920, by Robert G. Pilkington, Wahl Eversharp. Pen clip.",US-1507622,Wahl Eversharp,895,US-1507622,1920,Robert G. Pilkington,Pen clip.
1742641412-896,"Patent US-1507729, applied in 1922, by Arthur O. Dahlberg, The Parker Pen Company. Fountain pen.",US-1507729,The Parker Pen Company,896,US-1507729,1922,Arthur O. Dahlberg,Fountain pen.
1742641412-897,"Patent US-1507782, applied in 1920, by Carl F. Litts, W. A. Sheaffer Pen Company. Fountain pen.",US-1507782,W. A. Sheaffer Pen Company,897,US-1507782,1920,Carl F. Litts,A. Sheaffer Pen Company. Fountain pen.
1742641412-898,"Patent US-1508311, applied in 1922, by Francis W. Vaughn, Vaughn-Upton. Fountain-pen.",US-1508311,Vaughn-Upton,898,US-1508311,1922,Francis W. Vaughn,Fountain-pen.
1742641412-899,"Patent DE-401710, applied in 1922, by Leslie Roy Wade, Lang - Curzon - Summit. Schutzhuelse fuer Fuellfederhalter, Fuellbleistifte u. dgl..",DE-401710,Lang - Curzon - Summit,899,DE-401710,1922,Leslie Roy Wade,"Schutzhuelse fuer Fuellfederhalter, Fuellbleistifte u. dgl.."
1742641412-900,"Patent US-1508795, applied in 1921, by Clifford N. Johnson, Conklin Pen Manufacturing Co.. Pencil.",US-1508795,Conklin Pen Manufacturing Co.,900,,,,
1742641412-901,"Patent CA-243009, applied in 1922, by Harry Ross, De La Rue - Onoto. Fountain pen.",CA-243009,De La Rue - Onoto,901,CA-243009,1922,Harry Ross,Fountain pen.
1742641412-902,"Patent US-D065636, applied in 1922, by Samuel V. Corona, Corona Pen Company. Design for a fountain pen.",US-D065636,Corona Pen Company,902,US-D065636,1922,Samuel V. Corona,Design for a fountain pen.
1742641412-903,"Patent US-1510613, applied in 1923, by Edward M. Slack, Unbranded. Combined pencil and fountain-pen construction.",US-1510613,Unbranded,903,US-1510613,1923,Edward M. Slack,Combined pencil and fountain-pen construction.
1742641412-904,"Patent US-1510618, applied in 1921, by Raymond T. Bell, Wahl Eversharp. Pencil.",US-1510618,Wahl Eversharp,904,US-1510618,1921,Raymond T. Bell,Pencil.
1742641412-905,"Patent GB-222913, applied in 1923, by Arthur Gilbert, Mentmore. Improvements relating to polishing machines.",GB-222913,Mentmore,905,GB-222913,1923,Arthur Gilbert,Improvements relating to polishing machines.
1742641412-906,"Patent GB-212564, applied in 1923, by Louis Badois, Météore - La Plume d'Or. Improvements in and relating to pen-holders.",GB-212564,Météore - La Plume d'Or,906,GB-212564,1923,Louis Badois,Improvements in and relating to pen-holders.
1742641412-907,"Patent US-1511225, applied in 1922, by Gabriel Larsen, Waterman. Pencil.",US-1511225,Waterman,907,US-1511225,1922,Gabriel Larsen,Pencil.
1742641412-908,"Patent DE-404517, applied in 1923, Montblanc. Verschliessbarer Tintenbehälter zum Füllen selbstansaugender Füllfederhalter.",DE-404517,Montblanc,908,,,,
1742641412-909,"Patent US-1514002, applied in 1923, by George M. Kracker, Kraker. Fountain pen or the like.",US-1514002,Kraker,909,US-1514002,1923,George M. Kracker,Fountain pen or the like.
1742641412-910,"Patent GB-224084, applied in 1923, by Leslie Roy Wade, Lang - Curzon - Summit. Improvements in or relating to fountain pens.",GB-224084,Lang - Curzon - Summit,910,GB-224084,1923,Leslie Roy Wade,Improvements in or relating to fountain pens.
1742641412-911,"Patent DE-406609, applied in 1923, by Theodor Kovacs, Günther Wagner - Pelikan. Füllhalter mit Füllmöglichkeit durch den ungeoeffneten Halterkopf.",DE-406609,Günther Wagner - Pelikan,911,DE-406609,1923,Theodor Kovacs,Füllhalter mit Füllmöglichkeit durch den ungeoeffneten Halterkopf.
1742641412-912,"Patent US-1517411, applied in 1922, by William P. De Witt, De Witt-La France. Fountain-pen casing and cap therefor.",US-1517411,De Witt-La France,912,US-1517411,1922,William P. De Witt,Fountain-pen casing and cap therefor.
1742641412-913,"Patent AT-98903, applied in 1922, by Leslie Roy Wade, Lang - Curzon - Summit. Schreibgerät.",AT-98903,Lang - Curzon - Summit,913,AT-98903,1922,Leslie Roy Wade,Schreibgerät.
1742641412-914,"Patent FR-582950, applied in 1923, by Theodor Kovacs, Günther Wagner - Pelikan. Dispositif pour la fixation amovible des plumes aux porte-plume à réservoir.",FR-582950,Günther Wagner - Pelikan,914,FR-582950,1923,Theodor Kovacs,Dispositif pour la fixation amovible des plumes aux porte-plume à réservoir.
1742641412-915,"Patent US-1524068, applied in 1921, Inkograph. Ink pencil.",US-1524068,Inkograph,915,,,,
1742641412-916,"Patent GB-228672, applied in 1923, by William Livsey, Lang - Curzon - Summit. Improvements in or relating to fountain or reservoir pens.",GB-228672,Lang - Curzon - Summit,916,GB-228672,1923,William Livsey,Improvements in or relating to fountain or reservoir pens.
1742641412-917,"Patent CH-107012, applied in 1924, by Arnold Roggen, Hermann Burkhardt, Unbranded. Füllhalter für verschiedene Zwecke.",CH-107012,Unbranded,917,CH-107012,1924,Arnold Roggen,Füllhalter für verschiedene Zwecke.
1742641412-918,"Patent US-1526365, applied in 1923, by Charles S. Nudelman, Schnell. Combined fountain-pen and pencil.",US-1526365,Schnell,918,US-1526365,1923,Charles S. Nudelman,Combined fountain-pen and pencil.
1742641412-919,"Patent FR-585289, applied in 1923, by Theodor Kovacs, Günther Wagner - Pelikan. Porte-plume à réservoir.",FR-585289,Günther Wagner - Pelikan,919,FR-585289,1923,Theodor Kovacs,Porte-plume à réservoir.
1742641412-920,"Patent US-1527971, applied in 1923, by Arthur Forsell, Robert H. Harmon, Unbranded. Pen.",US-1527971,Unbranded,920,US-1527971,1923,Arthur Forsell,"Harmon, Unbranded. Pen."
1742641412-921,"Patent US-1528379, applied in 1924, by David J. La France, Chilton. Fountain pen.",US-1528379,Chilton,921,US-1528379,1924,David J. La France,Fountain pen.
1742641412-922,"Patent GB-229928, applied in 1923, by Theodor Kovacs, Günther Wagner - Pelikan. Improvements in or relating to fountain pens.",GB-229928,Günther Wagner - Pelikan,922,GB-229928,1923,Theodor Kovacs,Improvements in or relating to fountain pens.
1742641412-923,"Patent US-D066791, applied in 1923, by Davis L. Davis, W. A. Sheaffer Pen Company. Design for a fountain pen.",US-D066791,W. A. Sheaffer Pen Company,923,US-D066791,1923,Davis L. Davis,A. Sheaffer Pen Company. Design for a fountain pen.
1742641412-924,"Patent DE-411627, applied in 1923, Fend. Fuellbleistift.",DE-411627,Fend,924,,,,
1742641412-925,"Patent US-1510613, applied in 1924, by John J. Lynagh, Unbranded. Fountain Pen.",US-1510613,Unbranded,925,US-1510613,1924,John J. Lynagh,Fountain Pen.
1742641412-926,"Patent US-1531419, applied in 1921, by Walter A. Sheaffer, W. A. Sheaffer Pen Company. Pencil clip.",US-1531419,W. A. Sheaffer Pen Company,926,US-1531419,1921,Walter A. Sheaffer,A. Sheaffer Pen Company. Pencil clip.
1742641412-927,"Patent DE-411787, applied in 1923, by Theodor Kovacs, Günther Wagner - Pelikan. Leicht loesbare Befestigung der Feder am Fuellhalter.",DE-411787,Günther Wagner - Pelikan,927,DE-411787,1923,Theodor Kovacs,Leicht loesbare Befestigung der Feder am Fuellhalter.
1742641412-928,"Patent US-1533087, applied in 1923, by Gerald L. Bassett, Conklin Pen Manufacturing Co.. Magazine pencil.",US-1533087,Conklin Pen Manufacturing Co.,928,,,,
1742641412-929,"Patent FR-587602, applied in 1923, Météore - La Plume d'Or. Plume de longue durée.",FR-587602,Météore - La Plume d'Or,929,,,,
1742641412-930,"Patent GB-232519, applied in 1924, by William Livsey, Stephens, Lang - Curzon - Summit. Improvements in or relating to fountain or reservoir pens.",GB-232519,Stephens,930,GB-232519,1924,William Livsey,Improvements in or relating to fountain or reservoir pens.
1742641412-931,"Patent US-1537226, applied in 1922, by William P. De Witt, De Witt-La France. Lever filler for fountain pens with metal casings.",US-1537226,De Witt-La France,931,US-1537226,1922,William P. De Witt,Lever filler for fountain pens with metal casings.
1742641412-932,"Patent FR-588922, applied in 1924, De La Rue - Onoto. Perfectionnement aux bouchons de bouteilles d'encre.",FR-588922,De La Rue - Onoto,932,,,,
1742641412-933,"Patent DE-413988, applied in 1924, Montblanc. Füllfederhalter mit verschiebbarem Kolben.",DE-413988,Montblanc,933,,,,
1742641412-934,"Patent FR-589169, applied in 1924, De La Rue - Onoto. Perfectionnements aux porte-plume à réservoir.",FR-589169,De La Rue - Onoto,934,,,,
1742641412-935,"Patent FR-589454, applied in 1924, Montblanc. Porte-plume réservoir à remplissage automatique.",FR-589454,Montblanc,935,,,,
1742641412-936,"Patent US-1540416, applied in 1924, by Ryosuke Namiki, Pilot. Fountain pen.",US-1540416,Pilot,936,US-1540416,1924,Ryosuke Namiki,Fountain pen.
1742641412-937,"Patent US-1540763, applied in 1921, by Samuel V. Corona, Corona Pen Company. Fountain pen.",US-1540763,Corona Pen Company,937,US-1540763,1921,Samuel V. Corona,Fountain pen.
1742641412-938,"Patent GB-235447, applied in 1924, by George Frank Smith, Conway Stewart. Improvements in fountain or reservoir pens.",GB-235447,Conway Stewart,938,GB-235447,1924,George Frank Smith,Improvements in fountain or reservoir pens.
1742641412-939,"Patent FR-590697, applied in 1924, De La Rue - Onoto. Perfectionnements aux porte-plume réservoirs.",FR-590697,De La Rue - Onoto,939,,,,
1742641412-940,"Patent US-1544161, applied in 1921, by Theodor Kovacs, Günther Wagner - Pelikan. Drawing-pen nib, more particularly for fountain pens.",US-1544161,Günther Wagner - Pelikan,940,US-1544161,1921,Theodor Kovacs,"Drawing-pen nib, more particularly for fountain pens."
1742641412-941,"Patent GB-236475, applied in 1925, by Wenzel Franz Brynda, Aladdin Industries Limited. Improvements in pencil cases.",GB-236475,Aladdin Industries Limited,941,GB-236475,1925,Wenzel Franz Brynda,Improvements in pencil cases.
1742641412-942,"Patent GB-225200, applied in 1923, by Louis Badois, Météore - La Plume d'Or. Improvements in the manufacture of pens.",GB-225200,Météore - La Plume d'Or,942,GB-225200,1923,Louis Badois,Improvements in the manufacture of pens.
1742641412-943,"Patent FR-592156, applied in 1923, Fend. Porte-mine.",FR-592156,Fend,943,,,,
1742641412-944,"Patent GB-237472, applied in 1924, by Arthur Gilbert, Mentmore. Improvements in or relating to fountain pens.",GB-237472,Mentmore,944,GB-237472,1924,Arthur Gilbert,Improvements in or relating to fountain pens.
1742641412-945,"Patent GB-238288, applied in 1924, by Gordon Dunkerley, Swan. Improvements in and relating to ink bottles and the like.",GB-238288,Swan,945,GB-238288,1924,Gordon Dunkerley,Improvements in and relating to ink bottles and the like.
1742641412-946,"Patent GB-238110, applied in 1924, by Ernst Rösler, Montblanc. Improvements in fountain pens of the automatic filling type.",GB-238110,Montblanc,946,GB-238110,1924,Ernst Rösler,Improvements in fountain pens of the automatic filling type.
1742641412-947,"Patent US-RE16145, applied in 1918, by John C. Wahl, Wahl Eversharp. Toggle-joint self-filling pen.",US-RE16145,Wahl Eversharp,947,US-RE16145,1918,John C. Wahl,Toggle-joint self-filling pen.
1742641412-948,"Patent FR-593376, applied in 1925, by Yves Zuber, Stylomine. Fixation et alimentation d'une plume de porte-plume réservoir.",FR-593376,Stylomine,948,FR-593376,1925,Yves Zuber,Fixation et alimentation d'une plume de porte-plume réservoir.
1742641412-949,"Patent US-1551601, applied in 1922, by Frederick W. Heinzman, Swan. Magazine pencil.",US-1551601,Swan,949,US-1551601,1922,Frederick W. Heinzman,Magazine pencil.
1742641412-950,"Patent US-1551604, applied in 1922, by Lucifer J. Most, Swan. Magazine pencil.",US-1551604,Swan,950,US-1551604,1922,Lucifer J. Most,Magazine pencil.
1742641412-951,"Patent GB-239274, applied in 1924, by Henry J. Dixon, De La Rue - Onoto. Improvements in Reservoir Pens.",GB-239274,De La Rue - Onoto,951,GB-239274,1924,Henry J. Dixon,Improvements in Reservoir Pens.
1742641412-952,"Patent FR-594143, applied in 1925, by Yves Zuber, Stylomine. Dispositif de sécurité pour stylographes.",FR-594143,Stylomine,952,FR-594143,1925,Yves Zuber,Dispositif de sécurité pour stylographes.
1742641412-953,"Patent DE-418471, applied in 1924, Soennecken. Füllfederhalter.",DE-418471,Soennecken,953,,,,
1742641412-954,"Patent US-1554517, applied in 1925, by Daniel A. O'Neill, Unbranded. Combined pen or pencil clip and envelope opener.",US-1554517,Unbranded,954,US-1554517,1925,Daniel A. O'Neill,Combined pen or pencil clip and envelope opener.
1742641412-955,"Patent US-1554604, applied in 1919, by Walter A. Sheaffer, W. A. Sheaffer Pen Company. Pencil.",US-1554604,W. A. Sheaffer Pen Company,955,US-1554604,1919,Walter A. Sheaffer,A. Sheaffer Pen Company. Pencil.
1742641412-956,"Patent US-1554803, applied in 1925, by Harry Esterow, Ideal Metal Products. Pen or pencil clip.",US-1554803,Ideal Metal Products,956,US-1554803,1925,Harry Esterow,Pen or pencil clip.
1742641412-957,"Patent US-1555407, applied in 1923, by William I. Ferris, Waterman. Fountain.",US-1555407,Waterman,957,US-1555407,1923,William I. Ferris,Fountain.
1742641412-958,"Patent US-1556701, applied in 1924, by John G. Liddel, Moore Pen Company. Mechanical pencil.",US-1556701,Moore Pen Company,958,US-1556701,1924,John G. Liddel,Mechanical pencil.
1742641412-959,"Patent US-1557357, applied in 1922, by Herbert Gornell, Gold Starry. Fountain pen.",US-1557357,Gold Starry,959,US-1557357,1922,Herbert Gornell,Fountain pen.
1742641412-960,"Patent FR-595963, applied in 1925, by Eugene Moreau, Paillard. Porte-plume réservoir.",FR-595963,Paillard,960,FR-595963,1925,Eugene Moreau,Porte-plume réservoir.
1742641412-961,"Patent US-1558553, applied in 1924, by Theodor Kovacs, Günther Wagner - Pelikan. Fountain pen.",US-1558553,Günther Wagner - Pelikan,961,US-1558553,1924,Theodor Kovacs,Fountain pen.
1742641412-962,"Patent US-1560485, applied in 1924, by Ernst Rösler, Montblanc. Automatically-filling fountain pen.",US-1560485,Montblanc,962,US-1560485,1924,Ernst Rösler,Automatically-filling fountain pen.
1742641412-963,"Patent CA-255206, applied in 1921, by John H. Kritikson, Security Pen Corporation. Fountain Pen.",CA-255206,Security Pen Corporation,963,CA-255206,1921,John H. Kritikson,Fountain Pen.
1742641412-964,"Patent US-1561590, applied in 1924, by Andreas Bienenstein, Conklin Pen Manufacturing Co.. Fountain pen.",US-1561590,Conklin Pen Manufacturing Co.,964,,,,
1742641412-965,"Patent US-1562267, applied in 1921, by John C. Wahl, Wahl Eversharp. Fountain pen.",US-1562267,Wahl Eversharp,965,US-1562267,1921,John C. Wahl,Fountain pen.
1742641412-966,"Patent GB-243110, applied in 1924, by Leslie Roy Wade, Lang - Curzon - Summit. Improvements in or relating to fountain pens.",GB-243110,Lang - Curzon - Summit,966,GB-243110,1924,Leslie Roy Wade,Improvements in or relating to fountain pens.
1742641412-967,"Patent DE-422602, applied in 1924, Unbranded. Fingerstütze.",DE-422602,Unbranded,967,,,,
1742641412-968,"Patent US-1567059, applied in 1924, by Stormont Josselyn, Crocker. Fountain pen.",US-1567059,Crocker,968,US-1567059,1924,Stormont Josselyn,Fountain pen.
1742641412-969,"Patent US-1567823, applied in 1921, by John C. Wahl, Wahl Eversharp. Fountain pen.",US-1567823,Wahl Eversharp,969,US-1567823,1921,John C. Wahl,Fountain pen.
1742641412-970,"Patent US-1567824, applied in 1922, by John C. Wahl, Wahl Eversharp. Fountain pen.",US-1567824,Wahl Eversharp,970,US-1567824,1922,John C. Wahl,Fountain pen.
1742641412-971,"Patent US-1567910, applied in 1923, by Wenzel Franz Brynda, Robert Pollack, Aladdin Industries Limited. Magazine pencil.",US-1567910,Aladdin Industries Limited,971,US-1567910,1923,Wenzel Franz Brynda,Magazine pencil.
1742641412-972,"Patent FR-598504, applied in 1924, Edacoto. Perfectionnement aux porte-plume à remplissage automatique.",FR-598504,Edacoto,972,,,,
1742641412-973,"Patent US-1569783, applied in 1922, by Eric G. Pearson, Eagle. Fountain pen.",US-1569783,Eagle,973,US-1569783,1922,Eric G. Pearson,Fountain pen.
1742641412-974,"Patent GB-247038, applied in 1925, by Ryosuke Namiki, Pilot. Improvements in Methods of Working Upon Surfaces of Ebonite and other Vulcanized Rubber Articles.",GB-247038,Pilot,974,GB-247038,1925,Ryosuke Namiki,Improvements in Methods of Working Upon Surfaces of Ebonite and other Vulcanized Rubber Articles.
1742641412-975,"Patent US-1574266, applied in 1921, by John C. Wahl, Wahl Eversharp. Pen.",US-1574266,Wahl Eversharp,975,US-1574266,1921,John C. Wahl,Pen.
1742641412-976,"Patent US-1574457, applied in 1921, by John C. Wahl, Wahl Eversharp. Mechanical pencil.",US-1574457,Wahl Eversharp,976,US-1574457,1921,John C. Wahl,Mechanical pencil.
1742641412-977,"Patent US-D066791, applied in 1924, by Davis L. Davis, W. A. Sheaffer Pen Company. Design for a fountain pen.",US-D066791,W. A. Sheaffer Pen Company,977,US-D066791,1924,Davis L. Davis,A. Sheaffer Pen Company. Design for a fountain pen.
1742641412-978,"Patent US-1574919, applied in 1924, by Julian H. Murdock, John Hancock. Fountain pen.",US-1574919,John Hancock,978,US-1574919,1924,Julian H. Murdock,Fountain pen.
1742641412-979,"Patent US-1574929, applied in 1922, by Robert T. Pollock, John Hancock. Fountain pen.",US-1574929,John Hancock,979,US-1574929,1922,Robert T. Pollock,Fountain pen.
1742641412-980,"Patent US-1574930, applied in 1924, by Robert T. Pollock, John Hancock. Fountain pen.",US-1574930,John Hancock,980,US-1574930,1924,Robert T. Pollock,Fountain pen.
1742641412-981,"Patent FR-601664, applied in 1925, by Yves Zuber, Stylomine. Perfectionnement aux porte-mines.",FR-601664,Stylomine,981,FR-601664,1925,Yves Zuber,Perfectionnement aux porte-mines.
1742641412-982,"Patent US-1576588, applied in 1925, by Marx Finstone, Eclipse. Art of manufacturing fountain-pen caps and barrels.",US-1576588,Eclipse,982,US-1576588,1925,Marx Finstone,Art of manufacturing fountain-pen caps and barrels.
1742641412-983,"Patent GB-265005, applied in 1927, by Marx Finstone, Eclipse. Improvements in art of manufacturing fountain pen caps and barrels.",GB-265005,Eclipse,983,GB-265005,1927,Marx Finstone,Improvements in art of manufacturing fountain pen caps and barrels.
1742641412-984,"Patent US-1577548, applied in 1925, by Henry J. Upton, Moore Pen Company. Fountain pen.",US-1577548,Moore Pen Company,984,US-1577548,1925,Henry J. Upton,Fountain pen.
1742641412-985,"Patent US-1577646, applied in 1921, by Charlesworth Livsey, Lang - Curzon - Summit. Fountain or reservoir pen.",US-1577646,Lang - Curzon - Summit,985,US-1577646,1921,Charlesworth Livsey,Fountain or reservoir pen.
1742641412-986,"Patent US-1578565, applied in 1923, by John C. Wahl, Wahl Eversharp. Mechanical pencil.",US-1578565,Wahl Eversharp,986,US-1578565,1923,John C. Wahl,Mechanical pencil.
1742641412-987,"Patent US-1580093, applied in 1925, by Henry J. Upton, Chilton. Fountain-pen.",US-1580093,Chilton,987,US-1580093,1925,Henry J. Upton,Fountain-pen.
1742641412-988,"Patent FR-603093, applied in 1924, by Leslie Roy Wade, Lang - Curzon - Summit. Perfectionnements dans les porte-plume à réservoir.",FR-603093,Lang - Curzon - Summit,988,FR-603093,1924,Leslie Roy Wade,Perfectionnements dans les porte-plume à réservoir.
1742641412-989,"Patent US-1583579, applied in 1923, by William P. De Witt, Carter's Ink Company. Fountain pen cap.",US-1583579,Carter's Ink Company,989,US-1583579,1923,William P. De Witt,Fountain pen cap.
1742641412-990,"Patent US-RE16349, applied in 1924, by Ivan D. Tefft, Wahl Eversharp. Fountain pen.",US-RE16349,Wahl Eversharp,990,US-RE16349,1924,Ivan D. Tefft,Fountain pen.
1742641412-991,"Patent US-1585805, applied in 1922, by John C. Wahl, Ivan D. Tefft, Wahl Eversharp. Fountain pen.",US-1585805,Wahl Eversharp,991,US-1585805,1922,John C. Wahl,"Tefft, Wahl Eversharp. Fountain pen."
1742641412-992,"Patent FR-605510, applied in 1925, by Wenzel Franz Brynda, Aladdin Industries Limited. Perfectionnements aux crayons porte-mines.",FR-605510,Aladdin Industries Limited,992,FR-605510,1925,Wenzel Franz Brynda,Perfectionnements aux crayons porte-mines.
1742641412-993,"Patent US-1586541, applied in 1922, by John C. Wahl, Wahl Eversharp. Fountain pen.",US-1586541,Wahl Eversharp,993,US-1586541,1922,John C. Wahl,Fountain pen.
1742641412-994,"Patent DE-430024, applied in 1924, Fabbrica Italiana Penne a Serbatoio Aurora. Mehrminenstift.",DE-430024,Fabbrica Italiana Penne a Serbatoio Aurora,994,,,,
1742641412-995,"Patent DE-430677, applied in 1923, Montblanc. Selbstfüllender Füllfederhaltern.",DE-430677,Montblanc,995,,,,
1742641412-996,"Patent DE-430661, applied in 1925, Fabbrica Italiana Penne a Serbatoio Aurora. Fuellfederhalter.",DE-430661,Fabbrica Italiana Penne a Serbatoio Aurora,996,,,,
1742641412-997,"Patent US-D070575, applied in 1925, by George S. Parker, The Parker Pen Company. Design for a pencil.",US-D070575,The Parker Pen Company,997,US-D070575,1925,George S. Parker,Design for a pencil.
1742641412-998,"Patent US-1594319, applied in 1921, by Ryosuke Namiki, Pilot. Fountain pen.",US-1594319,Pilot,998,US-1594319,1921,Ryosuke Namiki,Fountain pen.
1742641412-999,"Patent US-1594740, applied in 1925, by Isaia Levi, Fabbrica Italiana Penne a Serbatoio Aurora. Fountain pen.",US-1594740,Fabbrica Italiana Penne a Serbatoio Aurora,999,US-1594740,1925,Isaia Levi,Fountain pen.
1742641412-1000,"Patent GB-245448, applied in 1925, by Isaia Levi, Fabbrica Italiana Penne a Serbatoio Aurora. Improvements in or relating to Fountain Pens.",GB-245448,Fabbrica Italiana Penne a Serbatoio Aurora,1000,GB-245448,1925,Isaia Levi,Improvements in or relating to Fountain Pens.
1742641412-1001,"Patent US-1596722, applied in 1922, by George H. Doyle, Dunn. Cap for fountain pens.",US-1596722,Dunn,1001,US-1596722,1922,George H. Doyle,Cap for fountain pens.
1742641412-1002,"Patent US-1596811, applied in 1925, by Albert Craig, Wahl Eversharp. Fountain-pen filler.",US-1596811,Wahl Eversharp,1002,US-1596811,1925,Albert Craig,Fountain-pen filler.
1742641412-1003,"Patent DE-432836, applied in 1923, Aladdin Industries Limited. Wechselschreibstift.",DE-432836,Aladdin Industries Limited,1003,,,,
1742641412-1004,"Patent GB-256814, applied in 1925, by William Livsey, Lang - Curzon - Summit. Improvements in or relating to fountain or reservoir pens.",GB-256814,Lang - Curzon - Summit,1004,GB-256814,1925,William Livsey,Improvements in or relating to fountain or reservoir pens.
1742641412-1005,"Patent US-D070959, applied in 1926, by Frederick D. Hammons, W. A. Sheaffer Pen Company. Design for a fountain-pen desk set.",US-D070959,W. A. Sheaffer Pen Company,1005,US-D070959,1926,Frederick D. Hammons,A. Sheaffer Pen Company. Design for a fountain-pen desk set.
1742641412-1006,"Patent FR-610369, applied in 1925, Fabbrica Italiana Penne a Serbatoio Aurora. Plume à réservoir.",FR-610369,Fabbrica Italiana Penne a Serbatoio Aurora,1006,,,,
1742641412-1007,"Patent FR-610947, applied in 1924, Fabbrica Italiana Penne a Serbatoio Aurora. Porte-crayon à rechargement automatique des mines.",FR-610947,Fabbrica Italiana Penne a Serbatoio Aurora,1007,,,,
1742641412-1008,"Patent US-1600293, applied in 1925, by Ryosuke Namiki, Pilot. Method of working upon surfaces of ebonite articles.",US-1600293,Pilot,1008,US-1600293,1925,Ryosuke Namiki,Method of working upon surfaces of ebonite articles.
1742641412-1009,"Patent US-1602055, applied in 1925, by George Sweetser, De La Rue - Onoto. Self-filling stylographic pen.",US-1602055,De La Rue - Onoto,1009,US-1602055,1925,George Sweetser,Self-filling stylographic pen.
1742641412-1010,"Patent CA-264967, applied in 1924, by Leslie Roy Wade, Lang - Curzon - Summit. Improvements in or relating to fountain or reservoir pens.",CA-264967,Lang - Curzon - Summit,1010,CA-264967,1924,Leslie Roy Wade,Improvements in or relating to fountain or reservoir pens.
1742641412-1011,"Patent US-1604906, applied in 1924, by Arthur Gilbert, Mentmore. Fountain pen.",US-1604906,Mentmore,1011,US-1604906,1924,Arthur Gilbert,Fountain pen.
1742641412-1012,"Patent US-1605151, applied in 1923, by Ivan D. Tefft, Wahl Eversharp. Clamp or clip for fountain pens.",US-1605151,Wahl Eversharp,1012,US-1605151,1923,Ivan D. Tefft,Clamp or clip for fountain pens.
1742641412-1013,"Patent US-1606930, applied in 1925, by Howard L. Fischer, Redipoint. Fountain pen.",US-1606930,Redipoint,1013,US-1606930,1925,Howard L. Fischer,Fountain pen.
1742641412-1014,"Patent US-1607048, applied in 1925, by Edward Bergquist, Unbranded. Pen-filling mechanism.",US-1607048,Unbranded,1014,US-1607048,1925,Edward Bergquist,Pen-filling mechanism.
1742641412-1015,"Patent US-1608707, applied in 1925, by George L. Middleton, Unbranded. Fountain Attachment for Pens.",US-1608707,Unbranded,1015,US-1608707,1925,George L. Middleton,Fountain Attachment for Pens.
1742641412-1016,"Patent BE-337528, applied in 1925, by Hermann Burkhardt, Paul Grob-Hablützel, Unbranded. Outil pour la fabrications des affiches.",BE-337528,Unbranded,1016,BE-337528,1925,Hermann Burkhardt,Outil pour la fabrications des affiches.
1742641412-1017,"Patent CH-117009, applied in 1925, by Hermann Burkhardt, Unbranded. Werkzeug zur Herstellung von Plakatschrift.",CH-117009,Unbranded,1017,CH-117009,1925,Hermann Burkhardt,Werkzeug zur Herstellung von Plakatschrift.
1742641412-1018,"Patent DE-437904, applied in 1924, Swan. Fuellvorrichtung fuer Fuellfederhalter.",DE-437904,Swan,1018,,,,
1742641412-1019,"Patent FR-614071, applied in 1926, by Yves Zuber, Stylomine. Perfectionnement aux porte-mines à alimentation automatique ou non.",FR-614071,Stylomine,1019,FR-614071,1926,Yves Zuber,Perfectionnement aux porte-mines à alimentation automatique ou non.
1742641412-1020,"Patent US-1609387, applied in 1924, by George Sweetser, De La Rue - Onoto. Stopper for inkbottles.",US-1609387,De La Rue - Onoto,1020,US-1609387,1924,George Sweetser,Stopper for inkbottles.
1742641412-1021,"Patent US-1609567, applied in 1926, by Frank H. Mooney, Conklin Pen Manufacturing Co.. Pocket clip for pens, etc..",US-1609567,Conklin Pen Manufacturing Co.,1021,,,,
1742641412-1022,"Patent US-1610185, applied in 1924, by Frank Turner, De La Rue - Onoto. Reservoir pen.",US-1610185,De La Rue - Onoto,1022,US-1610185,1924,Frank Turner,Reservoir pen.
1742641412-1023,"Patent US-1610275, applied in 1925, by Marx Finstone, Eclipse. Pen and pencil clip.",US-1610275,Eclipse,1023,US-1610275,1925,Marx Finstone,Pen and pencil clip.
1742641412-1024,"Patent GB-263341, applied in 1926, by William Livsey, Lang - Curzon - Summit. Improvements in or relating to Fountain or Reservoir Pens.",GB-263341,Lang - Curzon - Summit,1024,GB-263341,1926,William Livsey,Improvements in or relating to Fountain or Reservoir Pens.
1742641412-1025,"Patent IT-281491, applied in 2025, Officine Meccaniche Armando Simoni. Penna a serbatoio con riempimento automatico e annesso termometro.",IT-281491,Officine Meccaniche Armando Simoni,1025,,,,
1742641412-1026,"Patent US-1613804, applied in 1920, by Arthur F. Poole, Wahl Eversharp. Self-filling fountain pen.",US-1613804,Wahl Eversharp,1026,US-1613804,1920,Arthur F. Poole,Self-filling fountain pen.
1742641412-1027,"Patent US-1613810, applied in 1922, by John C. Wahl, Wahl Eversharp. Mechanical pencil.",US-1613810,Wahl Eversharp,1027,US-1613810,1922,John C. Wahl,Mechanical pencil.
1742641412-1028,"Patent US-1613811, applied in 1924, by Charles J. Funk, Wahl Eversharp. Pen.",US-1613811,Wahl Eversharp,1028,US-1613811,1924,Charles J. Funk,Pen.
1742641412-1029,"Patent US-1613812, applied in 1924, by John C. Wahl, Wahl Eversharp. Pen and nib and method of producing same.",US-1613812,Wahl Eversharp,1029,US-1613812,1924,John C. Wahl,Pen and nib and method of producing same.
1742641412-1030,"Patent US-1614606, applied in 1926, by Harry Esterow, Ideal Metal Products. Device for applying bands on pens or pencils.",US-1614606,Ideal Metal Products,1030,US-1614606,1926,Harry Esterow,Device for applying bands on pens or pencils.
1742641412-1031,"Patent DE-440614, applied in 1923, by Louis Badois, Météore - La Plume d'Or. Dauerschreibfeder aus Metall.",DE-440614,Météore - La Plume d'Or,1031,DE-440614,1923,Louis Badois,Dauerschreibfeder aus Metall.
1742641412-1032,"Patent US-D071994, applied in 1926, by Robert Back, Glenn A. Cooper, Wahl Eversharp. Design for a combined desk stand and penholder.",US-D071994,Wahl Eversharp,1032,US-D071994,1926,Robert Back,"Cooper, Wahl Eversharp. Design for a combined desk stand and penholder."
1742641412-1033,"Patent FR-617418, applied in 1926, by Yves Zuber, Stylomine. Agrafe de sécurité à ressort pour stylographe, portemine ou tout autre article.",FR-617418,Stylomine,1033,FR-617418,1926,Yves Zuber,"Agrafe de sécurité à ressort pour stylographe, portemine ou tout autre article."
1742641412-1034,"Patent US-1620529, applied in 1926, by William I. Ferris, Waterman. Fountain pen and stand therefor.",US-1620529,Waterman,1034,US-1620529,1926,William I. Ferris,Fountain pen and stand therefor.
1742641412-1035,"Patent US-1622316, applied in 1926, by Benjamin W. Hanle, Eagle. Clip for pencils, penholders, and like articles.",US-1622316,Eagle,1035,US-1622316,1926,Benjamin W. Hanle,"Clip for pencils, penholders, and like articles."
1742641412-1036,"Patent US-1624190, applied in 1922, by Ivan D. Tefft, Wahl Eversharp. Fountain pen.",US-1624190,Wahl Eversharp,1036,US-1624190,1922,Ivan D. Tefft,Fountain pen.
1742641412-1037,"Patent US-1624194, applied in 1922, by John C. Wahl, Wahl Eversharp. Fountain pen.",US-1624194,Wahl Eversharp,1037,US-1624194,1922,John C. Wahl,Fountain pen.
1742641412-1038,"Patent US-1624554, applied in 1925, by Theodor Kovacs, Günther Wagner - Pelikan. Reservoir Pen.",US-1624554,Günther Wagner - Pelikan,1038,US-1624554,1925,Theodor Kovacs,Reservoir Pen.
1742641412-1039,"Patent GB-269614, applied in 1925, by Peter Andresen et al, Lang - Curzon - Summit. Improvements in and relating to Fountain Pens.",GB-269614,Lang - Curzon - Summit,1039,GB-269614,1925,Peter Andresen et al,Improvements in and relating to Fountain Pens.
1742641412-1040,"Patent DE-443893, applied in 1925, by Theodor Kovacs, Günther Wagner - Pelikan. Füllfederhalter mit abnehmbarer Feder.",DE-443893,Günther Wagner - Pelikan,1040,DE-443893,1925,Theodor Kovacs,Füllfederhalter mit abnehmbarer Feder.
1742641412-1041,"Patent GB-270915, applied in 1925, by Theodor Kovacs, Günther Wagner - Pelikan. Improvements in Reservoir Pens.",GB-270915,Günther Wagner - Pelikan,1041,GB-270915,1925,Theodor Kovacs,Improvements in Reservoir Pens.
1742641412-1042,"Patent US-1629987, applied in 1926, by Horace L. Blackman, The Parker Pen Company. Holder for fountain pens.",US-1629987,The Parker Pen Company,1042,US-1629987,1926,Horace L. Blackman,Holder for fountain pens.
1742641412-1043,"Patent FR-622686, applied in 1926, Edacoto. Règle souple à buvard.",FR-622686,Edacoto,1043,,,,
1742641412-1044,"Patent GB-273357, applied in 1926, by Lionel Gunsberg, Emanuel Feldorf, Lang - Curzon - Summit, W. J. May and Co.. Improvements in and relating to Fountain Pens.",GB-273357,Lang - Curzon - Summit,1044,GB-273357,1926,Lionel Gunsberg,J. May and Co.. Improvements in and relating to Fountain Pens.
1742641412-1045,"Patent FR-628272, applied in 1926, by Lionel Gunsberg, Emanuel Feldorf, Lang - Curzon - Summit, W. J. May and Co.. Perfectionnements apportés aux porte-plumes à réservoir ou à remplissage automatique.",FR-628272,Lang - Curzon - Summit,1045,FR-628272,1926,Lionel Gunsberg,J. May and Co.. Perfectionnements apportés aux porte-plumes à réservoir ou à remplissage automatique.
1742641412-1046,"Patent US-1632371, applied in 1921, by George W. Gilman, The Parker Pen Company. Pencil.",US-1632371,The Parker Pen Company,1046,US-1632371,1921,George W. Gilman,Pencil.
1742641412-1047,"Patent US-1633111, applied in 1925, by Theodor Kovacs, Günther Wagner - Pelikan. Reservoir pen.",US-1633111,Günther Wagner - Pelikan,1047,US-1633111,1925,Theodor Kovacs,Reservoir pen.
1742641412-1048,"Patent FR-623258, applied in 1925, by Louis Badois, Météore - La Plume d'Or. Perfectionnements aux porte-plumes réservoirs.",FR-623258,Météore - La Plume d'Or,1048,FR-623258,1925,Louis Badois,Perfectionnements aux porte-plumes réservoirs.
1742641412-1049,"Patent US-1633896, applied in 1923, by Theodor Kovacs, Günther Wagner - Pelikan. Fountain pen.",US-1633896,Günther Wagner - Pelikan,1049,US-1633896,1923,Theodor Kovacs,Fountain pen.
1742641412-1050,"Patent US-1634618, applied in 1925, by Oscar B. Hjorth, The Parker Pen Company. Fountain pen.",US-1634618,The Parker Pen Company,1050,US-1634618,1925,Oscar B. Hjorth,Fountain pen.
1742641412-1051,"Patent DE-447802, applied in 1925, by Rokusaburo Namiki, Pilot. Schreibstift mit zwei Schreibspitzen.",DE-447802,Pilot,1051,DE-447802,1925,Rokusaburo Namiki,Schreibstift mit zwei Schreibspitzen.
1742641412-1052,"Patent DE-447572, applied in 1923, by Theodor Kovacs, Günther Wagner - Pelikan. Füllhalter.",DE-447572,Günther Wagner - Pelikan,1052,DE-447572,1923,Theodor Kovacs,Füllhalter.
1742641412-1053,"Patent US-1641096, applied in 1921, by Robert T. Pollock, John Hancock. Clip or fastener.",US-1641096,John Hancock,1053,US-1641096,1921,Robert T. Pollock,Clip or fastener.
1742641412-1054,"Patent US-1641829, applied in 1924, by Walter A. Sheaffer, Craig R. Sheaffer, W. A. Sheaffer Pen Company. Combined fountain-pen rack and paper weight.",US-1641829,W. A. Sheaffer Pen Company,1054,US-1641829,1924,Walter A. Sheaffer,"Sheaffer, W. A. Sheaffer Pen Company. Combined fountain-pen rack and paper weight."
1742641412-1055,"Patent US-1641846, applied in 1925, by Jules A. Fremon, Avery S. De Haven, W. A. Sheaffer Pen Company. Fountain-pen rack.",US-1641846,W. A. Sheaffer Pen Company,1055,US-1641846,1925,Jules A. Fremon,"De Haven, W. A. Sheaffer Pen Company. Fountain-pen rack."
1742641412-1056,"Patent US-1641949, applied in 1926, by Frederick D. Hammons, W. A. Sheaffer Pen Company. Fountain-pen desk set.",US-1641949,W. A. Sheaffer Pen Company,1056,US-1641949,1926,Frederick D. Hammons,A. Sheaffer Pen Company. Fountain-pen desk set.
1742641412-1057,"Patent US-D073416, applied in 1927, by Julius L. Schnell, Schnell. Design for a pen clip or similar article.",US-D073416,Schnell,1057,US-D073416,1927,Julius L. Schnell,Design for a pen clip or similar article.
1742641412-1058,"Patent FR-626665, applied in 1926, by Yves Zuber, Stylomine. Nouveau porte-mine.",FR-626665,Stylomine,1058,FR-626665,1926,Yves Zuber,Nouveau porte-mine.
1742641412-1059,"Patent FR-626975, applied in 1926, Edacoto. Porte-mine.",FR-626975,Edacoto,1059,,,,
1742641412-1060,"Patent DE-448931, applied in 1925, Aladdin Industries Limited. Wechselschreibstift.",DE-448931,Aladdin Industries Limited,1060,,,,
1742641412-1061,"Patent US-1645167, applied in 1923, by George A. Theobald, Theodore A. Olson, John Hancock. Die-casting machine.",US-1645167,John Hancock,1061,US-1645167,1923,George A. Theobald,"Olson, John Hancock. Die-casting machine."
1742641412-1062,"Patent US-1647093, applied in 1922, by Paul S. Hauton, The Parker Pen Company. Clip for pens, pencils, and the like.",US-1647093,The Parker Pen Company,1062,US-1647093,1922,Paul S. Hauton,"Clip for pens, pencils, and the like."
1742641412-1063,"Patent FR-628553, applied in 1926, Edacoto. Bloc pour bureau.",FR-628553,Edacoto,1063,,,,
1742641412-1064,"Patent US-1647882, applied in 1926, by George H. Osterouth Jr, Unbranded. Fountain-pen.",US-1647882,Unbranded,1064,US-1647882,1926,George H. Osterouth Jr,Fountain-pen.
1742641412-1065,"Patent US-1648241, applied in 1926, Unbranded. Fountain pen.",US-1648241,Unbranded,1065,,,,
1742641412-1066,"Patent US-1648544, applied in 1926, by Marx Finstone, Eclipse. Swivel pen support for desk sets.",US-1648544,Eclipse,1066,US-1648544,1926,Marx Finstone,Swivel pen support for desk sets.
1742641412-1067,"Patent US-1648545, applied in 1927, by Marx Finstone, Eclipse. Pad-holding desk set.",US-1648545,Eclipse,1067,US-1648545,1927,Marx Finstone,Pad-holding desk set.
1742641412-1068,"Patent FR-629493, applied in 1926, Penkala. Crayon porte-mines.",FR-629493,Penkala,1068,,,,
1742641412-1069,"Patent DE-441349, applied in 1925, Kosca. Schreibstift.",DE-441349,Kosca,1069,,,,
1742641412-1070,"Patent US-1649142, applied in 1925, by Thor Gustaf Thornblad, Unbranded. Mechanical date indicator.",US-1649142,Unbranded,1070,US-1649142,1925,Thor Gustaf Thornblad,Mechanical date indicator.
1742641412-1071,"Patent US-1653151, applied in 1922, by William R. Cuthbert, William H. Lindemon, W. A. Sheaffer Pen Company. Pencil.",US-1653151,W. A. Sheaffer Pen Company,1071,US-1653151,1922,William R. Cuthbert,"Lindemon, W. A. Sheaffer Pen Company. Pencil."
1742641412-1072,"Patent IT-6253-1928, applied in 1928, Officine Meccaniche Armando Simoni. Titolo ignoto.",IT-6253-1928,Officine Meccaniche Armando Simoni,1072,,,,
1742641412-1073,"Patent GB-266338, applied in 1926, Penkala. Loose lead pencil holder.",GB-266338,Penkala,1073,,,,
1742641412-1074,"Patent US-D074242, applied in 1925, by Walter A. Sheaffer, Craig R. Sheaffer, W. A. Sheaffer Pen Company. Design for a fountain-pen desk stand.",US-D074242,W. A. Sheaffer Pen Company,1074,US-D074242,1925,Walter A. Sheaffer,"Sheaffer, W. A. Sheaffer Pen Company. Design for a fountain-pen desk stand."
1742641412-1075,"Patent GB-283677, applied in 1926, by David Finburgh et al, Wyvern Fountain Pen Company. Improvements in Propelling Pencils.",GB-283677,Wyvern Fountain Pen Company,1075,GB-283677,1926,David Finburgh et al,Improvements in Propelling Pencils.
1742641412-1076,"Patent US-1657033, applied in 1922, by Robert T. Pollock, John Hancock. Fountain pen.",US-1657033,John Hancock,1076,US-1657033,1922,Robert T. Pollock,Fountain pen.
1742641412-1077,"Patent US-1658940, applied in 1921, by Robert T. Pollock, John Hancock. Fountain pen.",US-1658940,John Hancock,1077,US-1658940,1921,Robert T. Pollock,Fountain pen.
1742641412-1078,"Patent GB-260304, applied in 1925, by Hermann Burkhardt, Paul Grob-Hablützel, Unbranded. Improvements in tools for poster writing.",GB-260304,Unbranded,1078,GB-260304,1925,Hermann Burkhardt,Improvements in tools for poster writing.
1742641412-1079,"Patent GB-284412, applied in 1926, by Charles Gerald Stephens, Frank Carr Fincham, Stephens. Improvements in or relating to containers for liquid or semiliquid adhesives.",GB-284412,Stephens,1079,GB-284412,1926,Charles Gerald Stephens,Improvements in or relating to containers for liquid or semiliquid adhesives.
1742641412-1080,"Patent GB-284529, applied in 1927, by Karl Fend, Fend. Porte-mine.",GB-284529,Fend,1080,GB-284529,1927,Karl Fend,Porte-mine.
1742641412-1081,"Patent US-1658147, applied in 1926, by Harry E. Waldron, W. A. Sheaffer Pen Company. Fountain-pen desk set.",US-1658147,W. A. Sheaffer Pen Company,1081,US-1658147,1926,Harry E. Waldron,A. Sheaffer Pen Company. Fountain-pen desk set.
1742641412-1082,"Patent US-1661225, applied in 1925, by Theodor Kovacs, Günther Wagner - Pelikan. Fountain pen.",US-1661225,Günther Wagner - Pelikan,1082,US-1661225,1925,Theodor Kovacs,Fountain pen.
1742641412-1083,"Patent DE-457462, applied in 1926, Günther Wagner - Pelikan. Füllfederhalter mit durch Schraubengetriebe bewegtem Saugkolben.",DE-457462,Günther Wagner - Pelikan,1083,,,,
1742641412-1084,"Patent FR-636029, applied in 1927, Fend. Porte-mine.",FR-636029,Fend,1084,,,,
1742641412-1085,"Patent GB-289969, applied in 1927, by Henry J. Dixon, De La Rue - Onoto. Improvements in Reservoir Pens.",GB-289969,De La Rue - Onoto,1085,GB-289969,1927,Henry J. Dixon,Improvements in Reservoir Pens.
1742641412-1086,"Patent US-1669036, applied in 1926, by Horace L. Blackman, Oscar B. Hjorth, The Parker Pen Company. Pen-gripping device.",US-1669036,The Parker Pen Company,1086,US-1669036,1926,Horace L. Blackman,"Hjorth, The Parker Pen Company. Pen-gripping device."
1742641412-1087,"Patent US-1669040, applied in 1926, by William L. Cannif, The Parker Pen Company. Pen-gripping device.",US-1669040,The Parker Pen Company,1087,US-1669040,1926,William L. Cannif,Pen-gripping device.
1742641412-1088,"Patent US-1669714, applied in 1926, by David J. La France, Carter's Ink Company. Fountain pen.",US-1669714,Carter's Ink Company,1088,US-1669714,1926,David J. La France,Fountain pen.
1742641412-1089,"Patent US-1671125, applied in 1923, by Robert T. Pollock, John Hancock. Ink cartridge.",US-1671125,John Hancock,1089,US-1671125,1923,Robert T. Pollock,Ink cartridge.
1742641412-1090,"Patent GB-291607, applied in 1927, by Arthur Stanley Jones, Conway Stewart. Improvements in or relating to Fountain Pens.",GB-291607,Conway Stewart,1090,GB-291607,1927,Arthur Stanley Jones,Improvements in or relating to Fountain Pens.
1742641412-1091,"Patent US-1673579, applied in 1927, by Louis Morrison, Morrison. Lever for self-filling fountain pens.",US-1673579,Morrison,1091,US-1673579,1927,Louis Morrison,Lever for self-filling fountain pens.
1742641412-1092,"Patent US-1674259, applied in 1927, by Bernard M. Palmer, The Parker Pen Company. Pencil gripper.",US-1674259,The Parker Pen Company,1092,US-1674259,1927,Bernard M. Palmer,Pencil gripper.
1742641412-1093,"Patent US-1674260, applied in 1927, by Bernard M. Palmer, The Parker Pen Company. Pencil gripper.",US-1674260,The Parker Pen Company,1093,US-1674260,1927,Bernard M. Palmer,Pencil gripper.
1742641412-1094,"Patent US-1674261, applied in 1927, by Bernard M. Palmer, The Parker Pen Company. Pencil gripper.",US-1674261,The Parker Pen Company,1094,US-1674261,1927,Bernard M. Palmer,Pencil gripper.
1742641412-1095,"Patent FR-639313, applied in 1927, by Charlesworth Livsey, Lang - Curzon - Summit. Porte-plume réservoir.",FR-639313,Lang - Curzon - Summit,1095,FR-639313,1927,Charlesworth Livsey,Porte-plume réservoir.
1742641412-1096,"Patent FR-639606, applied in 1927, by Yves Zuber, Stylomine. Pointe à redents pour porte-mine automatique ou autre.",FR-639606,Stylomine,1096,FR-639606,1927,Yves Zuber,Pointe à redents pour porte-mine automatique ou autre.
1742641412-1097,"Patent US-1675543, applied in 1926, by Jules A. Fremon, Avery S. De Haven, W. A. Sheaffer Pen Company. Fountain-pen desk stand.",US-1675543,W. A. Sheaffer Pen Company,1097,US-1675543,1926,Jules A. Fremon,"De Haven, W. A. Sheaffer Pen Company. Fountain-pen desk stand."
1742641412-1098,"Patent US-1675826, applied in 1920, by Walter A. Sheaffer, Lucifer J. Most, W. A. Sheaffer Pen Company. Pencil.",US-1675826,W. A. Sheaffer Pen Company,1098,US-1675826,1920,Walter A. Sheaffer,"Most, W. A. Sheaffer Pen Company. Pencil."
1742641412-1099,"Patent DE-464038, applied in 1926, Penkala. Fuellbleistift.",DE-464038,Penkala,1099,,,,
1742641412-1100,"Patent US-1681954, applied in 1927, by Salomon M. Sager, Sager. Fountain-pen clip.",US-1681954,Sager,1100,US-1681954,1927,Salomon M. Sager,Fountain-pen clip.
1742641412-1101,"Patent GB-297194, applied in 1927, by Arthur Stanley Jones, Conway Stewart. Improvements in or relating to Fountain Pens.",GB-297194,Conway Stewart,1101,GB-297194,1927,Arthur Stanley Jones,Improvements in or relating to Fountain Pens.
1742641412-1102,"Patent FR-33407E, applied in 1927, De La Rue - Onoto. Perfectionnements aux porte-plume à réservoir.",FR-33407E,De La Rue - Onoto,1102,,,,
1742641412-1103,"Patent DE-466010, applied in 1925, Fabbrica Italiana Penne a Serbatoio Aurora. Fuellfederhalter.",DE-466010,Fabbrica Italiana Penne a Serbatoio Aurora,1103,,,,
1742641412-1104,"Patent GB-297903, applied in 1927, by Frederick Elsey Double, Stephens, Lang - Curzon - Summit. Improvements in Fountain Pens.",GB-297903,Stephens,1104,GB-297903,1927,Frederick Elsey Double,Improvements in Fountain Pens.
1742641412-1105,"Patent GB-288176, applied in 1925, by Isaia Levi, Fabbrica Italiana Penne a Serbatoio Aurora. Improvements in or relating to Fountain Pens.",GB-288176,Fabbrica Italiana Penne a Serbatoio Aurora,1105,GB-288176,1925,Isaia Levi,Improvements in or relating to Fountain Pens.
1742641412-1106,"Patent DE-467712, applied in 1926, Kosca. Wechselschreibstift.",DE-467712,Kosca,1106,,,,
1742641412-1107,"Patent US-D076794, applied in 1927, by Walter E. Guyot, The Parker Pen Company. Design for a support for penholder.",US-D076794,The Parker Pen Company,1107,US-D076794,1927,Walter E. Guyot,Design for a support for penholder.
1742641412-1108,"Patent DE-468697, applied in 1927, Kosca. Wechselschreibstift.",DE-468697,Kosca,1108,,,,
1742641412-1109,"Patent US-1694945, applied in 1925, by Charles R. Keeran, Unbranded. Mechanical pencil.",US-1694945,Unbranded,1109,US-1694945,1925,Charles R. Keeran,Mechanical pencil.
1742641412-1110,"Patent GB-302015, applied in 1926, by Paul Kohler, Christian Schaefer, Kosca. Wechselschreibstift.",GB-302015,Kosca,1110,GB-302015,1926,Paul Kohler,Wechselschreibstift.
1742641412-1111,"Patent CH-130454, applied in 1927, Kosca. Wechselschreibstift.",CH-130454,Kosca,1111,,,,
1742641412-1112,"Patent US-1696183, applied in 1928, by Andreas Bienenstein, Conklin Pen Manufacturing Co.. Clip for pencil and the like.",US-1696183,Conklin Pen Manufacturing Co.,1112,,,,
1742641412-1113,"Patent US-1696218, applied in 1926, by George E. Sweetnam, Oreck James, W. A. Sheaffer Pen Company. Fountain-pen desk set.",US-1696218,W. A. Sheaffer Pen Company,1113,US-1696218,1926,George E. Sweetnam,A. Sheaffer Pen Company. Fountain-pen desk set.
1742641412-1114,"Patent IT-4572-1929, applied in 1929, The King. Titolo ignoto.",IT-4572-1929,The King,1114,,,,
1742641412-1115,"Patent GB-303699, applied in 1927, by Isaia Levi, Fabbrica Italiana Penne a Serbatoio Aurora. Improvements in or relating to Fountain Pens.",GB-303699,Fabbrica Italiana Penne a Serbatoio Aurora,1115,GB-303699,1927,Isaia Levi,Improvements in or relating to Fountain Pens.
1742641412-1116,"Patent GB-304922, applied in 1928, by Arthur Stanley Jones, Conway Stewart. Improvements in or relating to Stylographic Pens or Ink Pencils.",GB-304922,Conway Stewart,1116,GB-304922,1928,Arthur Stanley Jones,Improvements in or relating to Stylographic Pens or Ink Pencils.
1742641412-1117,"Patent CA-287009, applied in 1927, by Rodolfo Debenedetti, Fabbrica Italiana Penne a Serbatoio Aurora. Fountain pen.",CA-287009,Fabbrica Italiana Penne a Serbatoio Aurora,1117,CA-287009,1927,Rodolfo Debenedetti,Fountain pen.
1742641412-1118,"Patent US-1702954, applied in 1928, by Benjamin J. Title, Unbranded. Pencil attachment.",US-1702954,Unbranded,1118,US-1702954,1928,Benjamin J. Title,Pencil attachment.
1742641412-1119,"Patent US-1704470, applied in 1926, by George W. Gilman, Corona Pen Company. Fountain pen.",US-1704470,Corona Pen Company,1119,US-1704470,1926,George W. Gilman,Fountain pen.
1742641412-1120,"Patent FR-653061, applied in 1927, by Yves Zuber, Stylomine. Perfectionnement aux porte-mines.",FR-653061,Stylomine,1120,FR-653061,1927,Yves Zuber,Perfectionnement aux porte-mines.
1742641412-1121,"Patent US-1705656, applied in 1926, by Horace L. Blackman, Pen Desk Set Company. Holder for fountain pens.",US-1705656,Pen Desk Set Company,1121,US-1705656,1926,Horace L. Blackman,Holder for fountain pens.
1742641412-1122,"Patent US-1706616, applied in 1926, by Theodor Kovacs, Günther Wagner - Pelikan. Fountain pen.",US-1706616,Günther Wagner - Pelikan,1122,US-1706616,1926,Theodor Kovacs,Fountain pen.
1742641412-1123,"Patent US-1706662, applied in 1926, by Walter E. Guyot, The Parker Pen Company. Desk set.",US-1706662,The Parker Pen Company,1123,US-1706662,1926,Walter E. Guyot,Desk set.
1742641412-1124,"Patent US-1706751, applied in 1926, by George A. Risk, Unbranded. Fountain pen.",US-1706751,Unbranded,1124,US-1706751,1926,George A. Risk,Fountain pen.
1742641412-1125,"Patent US-1706923, applied in 1927, Unbranded. Feeder bar.",US-1706923,Unbranded,1125,,,,
1742641412-1126,"Patent CH-132052, applied in 1927, Fabbrica Italiana Penne a Serbatoio Aurora. Plume à réservoir avec bec métallique rentrant et fermeture du conduit pour l'encre entre le bec métallique et le réservoir.",CH-132052,Fabbrica Italiana Penne a Serbatoio Aurora,1126,,,,
1742641412-1127,"Patent US-1708671, applied in 1927, by Daniel W. Hemming, Waterman. Machine for writing a plurality of signatures.",US-1708671,Waterman,1127,US-1708671,1927,Daniel W. Hemming,Machine for writing a plurality of signatures.
1742641412-1128,"Patent US-RE16349, applied in 1926, by Horace L. Blackman, Pen Desk Set Company. Holder for fountain pens.",US-RE16349,Pen Desk Set Company,1128,US-RE16349,1926,Horace L. Blackman,Holder for fountain pens.
1742641412-1129,"Patent US-1712304, applied in 1924, by Frank J. Kristofek, Redipoint. Fountain pen.",US-1712304,Redipoint,1129,US-1712304,1924,Frank J. Kristofek,Fountain pen.
1742641412-1130,"Patent US-1712850, applied in 1921, by Craig R. Sheaffer, W. A. Sheaffer Pen Company. Pencil.",US-1712850,W. A. Sheaffer Pen Company,1130,US-1712850,1921,Craig R. Sheaffer,A. Sheaffer Pen Company. Pencil.
1742641412-1131,"Patent US-1714418, applied in 1927, by Rodolfo Debenedetti, Fabbrica Italiana Penne a Serbatoio Aurora. Pencil.",US-1714418,Fabbrica Italiana Penne a Serbatoio Aurora,1131,US-1714418,1927,Rodolfo Debenedetti,Pencil.
1742641412-1132,"Patent FR-657681, applied in 1928, Edacoto. Porte-mine perfectionné.",FR-657681,Edacoto,1132,,,,
1742641412-1133,"Patent US-1717001, applied in 1927, by Walter F. Benson, Unbranded. Clip and cap structure for fountain pens.",US-1717001,Unbranded,1133,US-1717001,1927,Walter F. Benson,Clip and cap structure for fountain pens.
1742641412-1134,"Patent US-D078794, applied in 1928, by Craig R. Sheaffer, W. A. Sheaffer Pen Company. Design for a combination fountain pen and pencil.",US-D078794,W. A. Sheaffer Pen Company,1134,US-D078794,1928,Craig R. Sheaffer,A. Sheaffer Pen Company. Design for a combination fountain pen and pencil.
1742641412-1135,"Patent US-D078795, applied in 1928, by Craig R. Sheaffer, W. A. Sheaffer Pen Company. Design for a fountain pen.",US-D078795,W. A. Sheaffer Pen Company,1135,US-D078795,1928,Craig R. Sheaffer,A. Sheaffer Pen Company. Design for a fountain pen.
1742641412-1136,"Patent US-D078777, applied in 1928, by Harold P. Falvey et al, W. A. Sheaffer Pen Company. Design for a pencil.",US-D078777,W. A. Sheaffer Pen Company,1136,US-D078777,1928,Harold P. Falvey et al,A. Sheaffer Pen Company. Design for a pencil.
1742641412-1137,"Patent US-1719895, applied in 1929, by Clinton E. Marshall, Unbranded. Clip.",US-1719895,Unbranded,1137,US-1719895,1929,Clinton E. Marshall,Clip.
1742641412-1138,"Patent US-1720471, applied in 1927, by Rockel Alexander Fritsch, Unbranded. Attaching clip.",US-1720471,Unbranded,1138,US-1720471,1927,Rockel Alexander Fritsch,Attaching clip.
1742641412-1139,"Patent US-1720717, applied in 1927, by Amos F. Bumpus, The Parker Pen Company. Magazine pencil.",US-1720717,The Parker Pen Company,1139,US-1720717,1927,Amos F. Bumpus,Magazine pencil.
1742641412-1140,"Patent US-1723171, applied in 1926, by William A. Houston, Dillman Charles Houston, Beaumel, Houston Fountain Pen. Fountain pen.",US-1723171,Beaumel,1140,US-1723171,1926,William A. Houston,Fountain pen.
1742641412-1141,"Patent DE-480844, applied in 1925, De La Rue - Onoto. Fuellfederhalter mit Fuellvorrichtung.",DE-480844,De La Rue - Onoto,1141,,,,
1742641412-1142,"Patent DE-481237, applied in 1929, Montblanc. Füllbleistift.",DE-481237,Montblanc,1142,,,,
1742641412-1143,"Patent US-1724106, applied in 1921, by Robert T. Pollock, John Hancock. Cartridge pen.",US-1724106,John Hancock,1143,US-1724106,1921,Robert T. Pollock,Cartridge pen.
1742641412-1144,"Patent US-1724107, applied in 1923, by Robert T. Pollock, John Hancock. Fountain pen.",US-1724107,John Hancock,1144,US-1724107,1923,Robert T. Pollock,Fountain pen.
1742641412-1145,"Patent NL-19802, applied in 1925, Aladdin Industries Limited. Vulpotlood met centrale stiftopening en een aantal stifthouders voor stiften van verschillende soort.",NL-19802,Aladdin Industries Limited,1145,,,,
1742641412-1146,"Patent US-D079456, applied in 1929, by George Coby, Tripen. Design for a fountain pen.",US-D079456,Tripen,1146,US-D079456,1929,George Coby,Design for a fountain pen.
1742641412-1147,"Patent AT-114699, applied in 1927, Fabbrica Italiana Penne a Serbatoio Aurora. Füllfederhalter.",AT-114699,Fabbrica Italiana Penne a Serbatoio Aurora,1147,,,,
1742641412-1148,"Patent US-1733780, applied in 1927, by Frank C. Deli, William D. Groseclose, Autopoint. Filling device for fountain pens.",US-1733780,Autopoint,1148,US-1733780,1927,Frank C. Deli,"Groseclose, Autopoint. Filling device for fountain pens."
1742641412-1149,"Patent US-D079691, applied in 1927, by Robert Back, Glenn A. Cooper, Pen Desk Set Company. Design for a combined desk stand and penholder.",US-D079691,Pen Desk Set Company,1149,US-D079691,1927,Robert Back,"Cooper, Pen Desk Set Company. Design for a combined desk stand and penholder."
1742641412-1150,"Patent FR-35030E, applied in 1925, Fabbrica Italiana Penne a Serbatoio Aurora. Plume à réservoir.",FR-35030E,Fabbrica Italiana Penne a Serbatoio Aurora,1150,,,,
1742641412-1151,"Patent DE-485584, applied in 1928, Fend. Wechselschreibstift.",DE-485584,Fend,1151,,,,
1742641412-1152,"Patent GB-321309, applied in 1928, by Arthur Gilbert, Mentmore. Improvements in or in connection with show or display cards.",GB-321309,Mentmore,1152,GB-321309,1928,Arthur Gilbert,Improvements in or in connection with show or display cards.
1742641412-1153,"Patent US-1735199, applied in 1924, by Charles J. Funk, Wahl Eversharp. Means and method of assembling nibs and feed members for fountain pens.",US-1735199,Wahl Eversharp,1153,US-1735199,1924,Charles J. Funk,Means and method of assembling nibs and feed members for fountain pens.
1742641412-1154,"Patent US-1735224, applied in 1924, by John C. Wahl, Wahl Eversharp. Fountain-pen assembling.",US-1735224,Wahl Eversharp,1154,US-1735224,1924,John C. Wahl,Fountain-pen assembling.
1742641412-1155,"Patent US-1737463, applied in 1925, by Isaia Levi, Fabbrica Italiana Penne a Serbatoio Aurora. Fountain pen.",US-1737463,Fabbrica Italiana Penne a Serbatoio Aurora,1155,US-1737463,1925,Isaia Levi,Fountain pen.
1742641412-1156,"Patent US-1737948, applied in 1929, by Ignatz Salz, Salz. Desk fountain-pen holder.",US-1737948,Salz,1156,US-1737948,1929,Ignatz Salz,Desk fountain-pen holder.
1742641412-1157,"Patent FR-670953, applied in 1928, by Yves Zuber, Stylomine. Porte-mines-règle à calcul.",FR-670953,Stylomine,1157,FR-670953,1928,Yves Zuber,Porte-mines-règle à calcul.
1742641412-1158,"Patent FR-671838, applied in 1929, Bayard. Perfectionnements aux supports pour porte-plume à réservoir.",FR-671838,Bayard,1158,,,,
1742641412-1159,"Patent GB-323129, applied in 1929, by Eric Ernest Samuel Wade, Lang - Curzon - Summit. Improvements in or relating to fountain or reservoir pens.",GB-323129,Lang - Curzon - Summit,1159,GB-323129,1929,Eric Ernest Samuel Wade,Improvements in or relating to fountain or reservoir pens.
1742641412-1160,"Patent AT-115523, applied in 1928, Météore - La Plume d'Or, Uneman. Fullfederhalter.",AT-115523,Météore - La Plume d'Or,1160,,,,
1742641412-1161,"Patent FR-672361, applied in 1929, Edacoto. Perfectionnements aux porte-mines.",FR-672361,Edacoto,1161,,,,
1742641412-1162,"Patent US-1741368, applied in 1923, by Edward E. Johnson, W. A. Sheaffer Pen Company. Pen and pencil mount.",US-1741368,W. A. Sheaffer Pen Company,1162,US-1741368,1923,Edward E. Johnson,A. Sheaffer Pen Company. Pen and pencil mount.
1742641412-1163,"Patent IT-291022, applied in 2025, Officine Meccaniche Armando Simoni. Titolo ignoto.",IT-291022,Officine Meccaniche Armando Simoni,1163,,,,
1742641412-1164,"Patent IT-291838, applied in 2025, Officine Meccaniche Armando Simoni. Titolo ignoto.",IT-291838,Officine Meccaniche Armando Simoni,1164,,,,
1742641412-1165,"Patent US-1742711, applied in 1925, by William T. Maloney, Dictator. Magazine pencil.",US-1742711,Dictator,1165,US-1742711,1925,William T. Maloney,Magazine pencil.
1742641412-1166,"Patent US-1783681, applied in 1930, by Owen R. Terry, Unbranded. Fountain-Pen refill indicator.",US-1783681,Unbranded,1166,US-1783681,1930,Owen R. Terry,Fountain-Pen refill indicator.
1742641412-1167,"Patent US-D080362, applied in 1929, by William R. Cuthbert, Earl W. Sodeberg, W. A. Sheaffer Pen Company. Design for a mechanical pencil.",US-D080362,W. A. Sheaffer Pen Company,1167,US-D080362,1929,William R. Cuthbert,"Sodeberg, W. A. Sheaffer Pen Company. Design for a mechanical pencil."
1742641412-1168,"Patent FR-673951, applied in 1929, Penkala. Porte-mines.",FR-673951,Penkala,1168,,,,
1742641412-1169,"Patent GB-318982, applied in 1928, by Arthur O. Dahlberg, The Parker Pen Company. Improvements in or relating to fountain pens.",GB-318982,The Parker Pen Company,1169,GB-318982,1928,Arthur O. Dahlberg,Improvements in or relating to fountain pens.
1742641412-1170,"Patent US-1745483, applied in 1926, by Julius F. Hansen, Wahl Eversharp. Unbreakable writing instrument and method of making same.",US-1745483,Wahl Eversharp,1170,US-1745483,1926,Julius F. Hansen,Unbreakable writing instrument and method of making same.
1742641412-1171,"Patent US-1746065, applied in 1928, by Franklin A. Van Sant, Unbranded. Fountain-pen attachment.",US-1746065,Unbranded,1171,US-1746065,1928,Franklin A. Van Sant,Fountain-pen attachment.
1742641412-1172,"Patent FR-675368, applied in 1928, by Leopold Kutter, Météore - La Plume d'Or, Uneman. Porte-plume réservoir.",FR-675368,Météore - La Plume d'Or,1172,FR-675368,1928,Leopold Kutter,Porte-plume réservoir.
1742641412-1173,"Patent US-1749037, applied in 1928, by David J. La France, Carter's Ink Company. Support for fountain-pen holders.",US-1749037,Carter's Ink Company,1173,US-1749037,1928,David J. La France,Support for fountain-pen holders.
1742641412-1174,"Patent US-1750410, applied in 1928, by Theodor Kovacs, Günther Wagner - Pelikan. Reservoir pen.",US-1750410,Günther Wagner - Pelikan,1174,US-1750410,1928,Theodor Kovacs,Reservoir pen.
1742641412-1175,"Patent US-D081254, applied in 1929, by Kenneth S. Parker, The Parker Pen Company. Design for a fountain pen.",US-D081254,The Parker Pen Company,1175,US-D081254,1929,Kenneth S. Parker,Design for a fountain pen.
1742641412-1176,"Patent US-1755586, applied in 1928, by Edward C. Berry, Chilton. Fountain pen.",US-1755586,Chilton,1176,US-1755586,1928,Edward C. Berry,Fountain pen.
1742641412-1177,"Patent FR-36278E, applied in 1928, Edacoto. Porte-mine perfectionné.",FR-36278E,Edacoto,1177,,,,
1742641412-1178,"Patent GB-312180, applied in 1928, by Leopold Kutter, Météore - La Plume d'Or, Uneman. Improvements in or relating to Fountain Pens.",GB-312180,Météore - La Plume d'Or,1178,GB-312180,1928,Leopold Kutter,Improvements in or relating to Fountain Pens.
1742641412-1179,"Patent US-1758199, applied in 1929, by Lucifer J. Most, Swan. Pen desk set.",US-1758199,Swan,1179,US-1758199,1929,Lucifer J. Most,Pen desk set.
1742641412-1180,"Patent GB-329164, applied in 1929, by William Livsey, Stephens, Lang - Curzon - Summit. Improvements in or relating to fountain or reservoir pens.",GB-329164,Stephens,1180,GB-329164,1929,William Livsey,Improvements in or relating to fountain or reservoir pens.
1742641412-1181,"Patent US-D081223, applied in 1929, by Robert Back, Wahl Eversharp. Design for a pencil.",US-D081223,Wahl Eversharp,1181,US-D081223,1929,Robert Back,Design for a pencil.
1742641412-1182,"Patent US-D081246, applied in 1929, by Gabriel Larsen, Waterman. Design for a clip for a fountain pen.",US-D081246,Waterman,1182,US-D081246,1929,Gabriel Larsen,Design for a clip for a fountain pen.
1742641412-1183,"Patent US-D081247, applied in 1929, by Gabriel Larsen, Waterman. Design for a clip for a fountain pen.",US-D081247,Waterman,1183,US-D081247,1929,Gabriel Larsen,Design for a clip for a fountain pen.
1742641412-1184,"Patent US-D081248, applied in 1930, by Gabriel Larsen, Waterman. Design for a fountain pen.",US-D081248,Waterman,1184,US-D081248,1930,Gabriel Larsen,Design for a fountain pen.
1742641412-1185,"Patent US-1762103, applied in 1926, by William I. Ferris, Waterman. Fountain pen and stand therefor.",US-1762103,Waterman,1185,US-1762103,1926,William I. Ferris,Fountain pen and stand therefor.
1742641412-1186,"Patent US-1762104, applied in 1928, by Robert C. Liddell, Waterman. Stand for fountain pens.",US-1762104,Waterman,1186,US-1762104,1928,Robert C. Liddell,Stand for fountain pens.
1742641412-1187,"Patent GB-330009, applied in 1929, by Henry J. Dixon, De La Rue - Onoto. Improvements in or relating to desk stands suitable for fountain pens and the like.",GB-330009,De La Rue - Onoto,1187,GB-330009,1929,Henry J. Dixon,Improvements in or relating to desk stands suitable for fountain pens and the like.
1742641412-1188,"Patent GB-330010, applied in 1929, by Henry J. Dixon, De La Rue - Onoto. Improvements in or relating to means for attaching clips to fountain pen caps and the like.",GB-330010,De La Rue - Onoto,1188,GB-330010,1929,Henry J. Dixon,Improvements in or relating to means for attaching clips to fountain pen caps and the like.
1742641412-1189,"Patent GB-330144, applied in 1929, by James Jeff, Conway Stewart. Improvements in or relating to rests for pens, pencils or the like.",GB-330144,Conway Stewart,1189,GB-330144,1929,James Jeff,"Improvements in or relating to rests for pens, pencils or the like."
1742641412-1190,"Patent DE-497949, applied in 1928, Osmia. Fuellfederhalter mit Tintenfuelleinrichtung.",DE-497949,Osmia,1190,,,,
1742641412-1191,"Patent DE-499497, applied in 1928, Osmia. Fuellfederhalter mit Tintenfuelleinrichtung.",DE-499497,Osmia,1191,,,,
1742641412-1192,"Patent US-1767189, applied in 1927, by Gustav J. Sengbusch, Sengbusch Self-Closing Inkstand. Writing Pen.",US-1767189,Sengbusch Self-Closing Inkstand,1192,US-1767189,1927,Gustav J. Sengbusch,Writing Pen.
1742641412-1193,"Patent US-D081435, applied in 1929, by George Coby, Tripen. Design for a pencil.",US-D081435,Tripen,1193,US-D081435,1929,George Coby,Design for a pencil.
1742641412-1194,"Patent FR-686153, applied in 1928, Mentmore. Porte-plume réservoir.",FR-686153,Mentmore,1194,,,,
1742641412-1195,"Patent US-1772000, applied in 1929, by Walter E. Guyot, The Parker Pen Company. Desk-set receptacle and gripper.",US-1772000,The Parker Pen Company,1195,US-1772000,1929,Walter E. Guyot,Desk-set receptacle and gripper.
1742641412-1196,"Patent US-D081741, applied in 1929, by Robert Back, Wahl Eversharp. Design for a pencil.",US-D081741,Wahl Eversharp,1196,US-D081741,1929,Robert Back,Design for a pencil.
1742641412-1197,"Patent US-D081742, applied in 1930, by Robert Back, Wahl Eversharp. Design for a fountain pen.",US-D081742,Wahl Eversharp,1197,US-D081742,1930,Robert Back,Design for a fountain pen.
1742641412-1198,"Patent DE-504867, applied in 1925, Chilton. Fuellfederhalter.",DE-504867,Chilton,1198,,,,
1742641412-1199,"Patent US-1772608, applied in 1925, by Frank J. Kristofek, Redipoint. Fountain pen.",US-1772608,Redipoint,1199,US-1772608,1925,Frank J. Kristofek,Fountain pen.
1742641412-1200,"Patent DE-505420, applied in 1928, Kosca. Fuellfederhalter.",DE-505420,Kosca,1200,,,,
1742641412-1201,"Patent US-1773475, applied in 1928, by Robert S. Casey, W. A. Sheaffer Pen Company. Closure means for containers.",US-1773475,W. A. Sheaffer Pen Company,1201,US-1773475,1928,Robert S. Casey,A. Sheaffer Pen Company. Closure means for containers.
1742641412-1202,"Patent US-1775068, applied in 1927, by Rodolfo Debenedetti, Fabbrica Italiana Penne a Serbatoio Aurora. Fountain pen.",US-1775068,Fabbrica Italiana Penne a Serbatoio Aurora,1202,US-1775068,1927,Rodolfo Debenedetti,Fountain pen.
1742641412-1203,"Patent GB-334913, applied in 1929, by Eugenio Verga, Columbus. Improvements in fountain pen.",GB-334913,Columbus,1203,GB-334913,1929,Eugenio Verga,Improvements in fountain pen.
1742641412-1204,"Patent FR-690093, applied in 1929, Montblanc. Porte-mine.",FR-690093,Montblanc,1204,,,,
1742641412-1205,"Patent US-1776384, applied in 1929, by Harry Garabedian, Tripen. Fountain pen.",US-1776384,Tripen,1205,US-1776384,1929,Harry Garabedian,Fountain pen.
1742641412-1206,"Patent DE-508058, applied in 1929, Montblanc. Verschluss für selbstfüllende Federhalter.",DE-508058,Montblanc,1206,,,,
1742641412-1207,"Patent US-1777736, applied in 1927, by James Salz, Salz. Fountain pen.",US-1777736,Salz,1207,US-1777736,1927,James Salz,Fountain pen.
1742641412-1208,"Patent GB-336190, applied in 1929, by Christian Lausen et al, Montblanc. Improvements in or relating to propeller pencils.",GB-336190,Montblanc,1208,GB-336190,1929,Christian Lausen et al,Improvements in or relating to propeller pencils.
1742641412-1209,"Patent FR-691384, applied in 1929, by Joseph Michel Alphonse Luis Carre, Gold Starry. Perfectionnements aux modes de remplissage automatiques des porte-plumes réservoirs.",FR-691384,Gold Starry,1209,FR-691384,1929,Joseph Michel Alphonse Luis Carre,Perfectionnements aux modes de remplissage automatiques des porte-plumes réservoirs.
1742641412-1210,"Patent US-D082341, applied in 1930, by Louis Morrison, Morrison. Design for a clip for a fountain pen or similar article.",US-D082341,Morrison,1210,US-D082341,1930,Louis Morrison,Design for a clip for a fountain pen or similar article.
1742641412-1211,"Patent GB-336878, applied in 1928, by Leopold Kutter, Météore - La Plume d'Or, Uneman. Fountain Pen Holder.",GB-336878,Météore - La Plume d'Or,1211,GB-336878,1928,Leopold Kutter,Fountain Pen Holder.
1742641412-1212,"Patent US-1779836, applied in 1926, by John C. Wahl, Wahl Eversharp. Fountain pen and method of assembling same.",US-1779836,Wahl Eversharp,1212,US-1779836,1926,John C. Wahl,Fountain pen and method of assembling same.
1742641412-1213,"Patent DE-511708, applied in 1925, Fabbrica Italiana Penne a Serbatoio Aurora. Fuellfederhalter.",DE-511708,Fabbrica Italiana Penne a Serbatoio Aurora,1213,,,,
1742641412-1214,"Patent US-1780527, applied in 1929, by Morris Kolber, Diamond Point Pen Company. Fountain pen.",US-1780527,Diamond Point Pen Company,1214,US-1780527,1929,Morris Kolber,Fountain pen.
1742641412-1215,"Patent GB-337794, applied in 1929, by George Stewart Vivian, Ford Patent Pen, Valentine. Improvements in and connected with Fountain Pens.",GB-337794,Ford Patent Pen,1215,GB-337794,1929,George Stewart Vivian,Improvements in and connected with Fountain Pens.
1742641412-1216,"Patent GB-337835, applied in 1929, by George Stewart Vivian, Ford Patent Pen, Valentine. Improvements in and connected with Self-filling Fountain Pens.",GB-337835,Ford Patent Pen,1216,GB-337835,1929,George Stewart Vivian,Improvements in and connected with Self-filling Fountain Pens.
1742641412-1217,"Patent FR-692937, applied in 1929, by Yves Zuber, Stylomine. Porte-mine automatique à mine suivie.",FR-692937,Stylomine,1217,FR-692937,1929,Yves Zuber,Porte-mine automatique à mine suivie.
1742641412-1218,"Patent FR-693093, applied in 1930, Swan. Perfectionnements aux porte-mines.",FR-693093,Swan,1218,,,,
1742641412-1219,"Patent US-1782108, applied in 1925, by John C. Wahl, Pen Desk Set Company. Desk stand and holder for fountain pens.",US-1782108,Pen Desk Set Company,1219,US-1782108,1925,John C. Wahl,Desk stand and holder for fountain pens.
1742641412-1220,"Patent US-1782109, applied in 1926, by Jules A. Fremon, Avery S. De Haven, Pen Desk Set Company. Fountain-pen desk stand.",US-1782109,Pen Desk Set Company,1220,US-1782109,1926,Jules A. Fremon,"De Haven, Pen Desk Set Company. Fountain-pen desk stand."
1742641412-1221,"Patent US-1782597, applied in 1928, by Horace L. Blackman, The Parker Pen Company. Dispensing cabinet.",US-1782597,The Parker Pen Company,1221,US-1782597,1928,Horace L. Blackman,Dispensing cabinet.
1742641412-1222,"Patent US-1783630, applied in 1927, by Walter A. Sheaffer, William R. Cuthbert, Pen Desk Set Company. Fountain-pen desk stand.",US-1783630,Pen Desk Set Company,1222,US-1783630,1927,Walter A. Sheaffer,"Cuthbert, Pen Desk Set Company. Fountain-pen desk stand."
1742641412-1223,"Patent US-1783734, applied in 1928, by Clinton E. Marshall, Unbranded. Fountain pen attachment.",US-1783734,Unbranded,1223,US-1783734,1928,Clinton E. Marshall,Fountain pen attachment.
1742641412-1224,"Patent US-1784078, applied in 1929, by Armando Simoni, The King, Officine Meccaniche Armando Simoni. Device for automatically filling fountain pens.",US-1784078,The King,1224,US-1784078,1929,Armando Simoni,Device for automatically filling fountain pens.
1742641412-1225,"Patent GB-345564, applied in 1929, by Armando Simoni, The King, Officine Meccaniche Armando Simoni. Device for automatically filling fountain pens.",GB-345564,The King,1225,GB-345564,1929,Armando Simoni,Device for automatically filling fountain pens.
1742641412-1226,"Patent FR-695834, applied in 1929, by Armando Simoni, The King, Officine Meccaniche Armando Simoni. Dispositif pour le remplissage automatique des plumes stylographiques à réservoir contenant un tube flexible.",FR-695834,The King,1226,FR-695834,1929,Armando Simoni,Dispositif pour le remplissage automatique des plumes stylographiques à réservoir contenant un tube flexible.
1742641412-1227,"Patent FR-694955, applied in 1930, Penkala. Tampon-buvard.",FR-694955,Penkala,1227,,,,
1742641412-1228,"Patent US-D082821, applied in 1930, by Frank Furedy, Unbranded. Design for a pencil.",US-D082821,Unbranded,1228,US-D082821,1930,Frank Furedy,Design for a pencil.
1742641412-1229,"Patent FR-695784, applied in 1930, Edacoto. Perfectionnements aux porte-mines à alimentation automatique.",FR-695784,Edacoto,1229,,,,
1742641412-1230,"Patent US-D082897, applied in 1930, by Louis Morrison, Morrison. Design for a fountain pen or similar article.",US-D082897,Morrison,1230,US-D082897,1930,Louis Morrison,Design for a fountain pen or similar article.
1742641412-1231,"Patent US-1787406, applied in 1926, by Donald D. Mungen, Robert Back, Wahl Eversharp. Fountain pen.",US-1787406,Wahl Eversharp,1231,US-1787406,1926,Donald D. Mungen,Fountain pen.
1742641412-1232,"Patent FR-696838, applied in 1930, Paillard. Perfectionnements aux supports de bureau pour porte-plume.",FR-696838,Paillard,1232,,,,
1742641412-1233,"Patent US-1789522, applied in 1928, by Egon Fritsch, Météore - La Plume d'Or, Uneman. Fountain pen holder.",US-1789522,Météore - La Plume d'Or,1233,US-1789522,1928,Egon Fritsch,Fountain pen holder.
1742641412-1234,"Patent US-1790037, applied in 1929, by Davide Dante Zerollo, Zerollo. Sealing apparatus.",US-1790037,Zerollo,1234,US-1790037,1929,Davide Dante Zerollo,Sealing apparatus.
1742641412-1235,"Patent FR-698700, applied in 1929, by Yves Zuber, Stylomine. Porte-mine automatique à réserve de mines.",FR-698700,Stylomine,1235,FR-698700,1929,Yves Zuber,Porte-mine automatique à réserve de mines.
1742641412-1236,"Patent US-1791776, applied in 1926, by John Estabrook Wahl, Wahl Eversharp. Device for operating on nibs.",US-1791776,Wahl Eversharp,1236,US-1791776,1926,John Estabrook Wahl,Device for operating on nibs.
1742641412-1237,"Patent US-1793610, applied in 1929, by Walter E. Guyot, The Parker Pen Company. Desk-set receptacle.",US-1793610,The Parker Pen Company,1237,US-1793610,1929,Walter E. Guyot,Desk-set receptacle.
1742641412-1238,"Patent US-1793824, applied in 1929, by Kenneth S. Parker, The Parker Pen Company. Fountain pen.",US-1793824,The Parker Pen Company,1238,US-1793824,1929,Kenneth S. Parker,Fountain pen.
1742641412-1239,"Patent US-1793910, applied in 1928, by William R. Cuthbert, William H. Lindemon, Pen Desk Set Company. Holding means for desk sets.",US-1793910,Pen Desk Set Company,1239,US-1793910,1928,William R. Cuthbert,"Lindemon, Pen Desk Set Company. Holding means for desk sets."
1742641412-1240,"Patent US-1794154, applied in 1929, by William R. Cuthbert, W. A. Sheaffer Pen Company. Clip for writing instruments.",US-1794154,W. A. Sheaffer Pen Company,1240,US-1794154,1929,William R. Cuthbert,A. Sheaffer Pen Company. Clip for writing instruments.
1742641412-1241,"Patent FR-700497, applied in 1929, by Yves Zuber, Stylomine. Perfectionnements aux porte-mines automatiques.",FR-700497,Stylomine,1241,FR-700497,1929,Yves Zuber,Perfectionnements aux porte-mines automatiques.
1742641412-1242,"Patent US-1794939, applied in 1930, by Alvin M. Yocom, Unbranded. Attachment for fountain pens.",US-1794939,Unbranded,1242,US-1794939,1930,Alvin M. Yocom,Attachment for fountain pens.
1742641412-1243,"Patent US-D080609, applied in 1930, by Harry Esterow, Ideal Metal Products. Design for a pen and pencil clip.",US-D080609,Ideal Metal Products,1243,US-D080609,1930,Harry Esterow,Design for a pen and pencil clip.
1742641412-1244,"Patent GB-344185, applied in 1930, by Albert Meredith Spain, Unbranded. Improvements in and relating to fountain pens.",GB-344185,Unbranded,1244,GB-344185,1930,Albert Meredith Spain,Improvements in and relating to fountain pens.
1742641412-1245,"Patent US-D083591, applied in 1930, by Andreas Bienenstein, Conklin Pen Manufacturing Co.. Design for a clip for a fountain pen or the like.",US-D083591,Conklin Pen Manufacturing Co.,1245,,,,
1742641412-1246,"Patent US-D083592, applied in 1930, by Andreas Bienenstein, Conklin Pen Manufacturing Co.. Design for a fountain pen.",US-D083592,Conklin Pen Manufacturing Co.,1246,,,,
1742641412-1247,"Patent FR-701215, applied in 1930, by Firme G. Rau, G. Rau. Porte-plume réservoir.",FR-701215,G. Rau,1247,FR-701215,1930,Firme G. Rau,Rau. Porte-plume réservoir.
1742641412-1248,"Patent DE-521001, applied in 1930, Penkala. Zweifarbenschreibstift.",DE-521001,Penkala,1248,,,,
1742641412-1249,"Patent US-D083673, applied in 1930, by Harry Esterow, Ideal Metal Products. Design for a fountain-pen clip or similar article.",US-D083673,Ideal Metal Products,1249,US-D083673,1930,Harry Esterow,Design for a fountain-pen clip or similar article.
1742641412-1250,"Patent US-1798046, applied in 1928, by George Sweetser, Mentmore. Self-filling sac pen.",US-1798046,Mentmore,1250,US-1798046,1928,George Sweetser,Self-filling sac pen.
1742641412-1251,"Patent GB-326242, applied in 1928, by George Sweetser, Mentmore. Improvements in self-filling sac pens.",GB-326242,Mentmore,1251,GB-326242,1928,George Sweetser,Improvements in self-filling sac pens.
1742641412-1252,"Patent GB-345712, applied in 1930, Swan. Improvements in propelling pencils.",GB-345712,Swan,1252,,,,
1742641412-1253,"Patent US-1800330, applied in 1925, by John C. Wahl, Albert H. Stenersen, Wahl Eversharp. Fountain-pen-filling device.",US-1800330,Wahl Eversharp,1253,US-1800330,1925,John C. Wahl,"Stenersen, Wahl Eversharp. Fountain-pen-filling device."
1742641412-1254,"Patent US-1800425, applied in 1927, by Leon H. Ashmore, Esterbrook. Pen.",US-1800425,Esterbrook,1254,US-1800425,1927,Leon H. Ashmore,Pen.
1742641412-1255,"Patent US-D083908, applied in 1931, by Louis Morrison, Morrison. Design for a lever for fountain pens.",US-D083908,Morrison,1255,US-D083908,1931,Louis Morrison,Design for a lever for fountain pens.
1742641412-1256,"Patent US-1801310, applied in 1927, by Walter Heagney, Pen Desk Set Company. Fountain-pen desk stand.",US-1801310,Pen Desk Set Company,1256,US-1801310,1927,Walter Heagney,Fountain-pen desk stand.
1742641412-1257,"Patent US-1801635, applied in 1929, by William E. Moore, The Parker Pen Company. Fountain pen.",US-1801635,The Parker Pen Company,1257,US-1801635,1929,William E. Moore,Fountain pen.
1742641412-1258,"Patent CH-146581, applied in 1928, Mentmore. Plume réservoir à remplissage automatique.",CH-146581,Mentmore,1258,,,,
1742641412-1259,"Patent GB-347540, applied in 1930, by Karl Fend, Fend. A magazine pencil.",GB-347540,Fend,1259,GB-347540,1930,Karl Fend,A magazine pencil.
1742641412-1260,"Patent GB-348036, applied in 1930, by Frederik G. Heard, Swan. Improvements in or relating to fountain pens.",GB-348036,Swan,1260,GB-348036,1930,Frederik G. Heard,Improvements in or relating to fountain pens.
1742641412-1261,"Patent US-1804522, applied in 1929, by Frank T. Walsh, LeBoeuf. Fountain-pen.",US-1804522,LeBoeuf,1261,US-1804522,1929,Frank T. Walsh,Fountain-pen.
1742641412-1262,"Patent US-D084146, applied in 1930, by David Kahn, Wearever. Design for a fountain pen.",US-D084146,Wearever,1262,US-D084146,1930,David Kahn,Design for a fountain pen.
1742641412-1263,"Patent US-1807227, applied in 1926, by Craig R. Sheaffer, Pen Desk Set Company. Fountain-pen desk stand.",US-1807227,Pen Desk Set Company,1263,US-1807227,1926,Craig R. Sheaffer,Fountain-pen desk stand.
1742641412-1264,"Patent US-1807415, applied in 1930, by David J. La France, De Witt-La France. Fountain pen.",US-1807415,De Witt-La France,1264,US-1807415,1930,David J. La France,Fountain pen.
1742641412-1265,"Patent US-D084249, applied in 1931, by Gabriel Larsen, Waterman. Design for a fountain pen or similar article.",US-D084249,Waterman,1265,US-D084249,1931,Gabriel Larsen,Design for a fountain pen or similar article.
1742641412-1266,"Patent US-1808045, applied in 1929, by Henry Krause, Chilton. Clip structure for fountain-pen caps, pencils and the like.",US-1808045,Chilton,1266,US-1808045,1929,Henry Krause,"Clip structure for fountain-pen caps, pencils and the like."
1742641412-1267,"Patent US-1808489, applied in 1929, by Adolph Bassi, Chameleon. Fountain pen.",US-1808489,Chameleon,1267,US-1808489,1929,Adolph Bassi,Fountain pen.
1742641412-1268,"Patent DE-526445, applied in 1929, Heintze & Blanckertz. Flachfeder mit einem die Strichstärke herbeiführenden Plättchen.",DE-526445,Heintze & Blanckertz,1268,,,,
1742641412-1269,"Patent US-1808779, applied in 1929, by William I. Ferris, Waterman. Fastening clip and means for attaching the same.",US-1808779,Waterman,1269,US-1808779,1929,William I. Ferris,Fastening clip and means for attaching the same.
1742641412-1270,"Patent US-1809416, applied in 1929, by John G. Liddel, Moore Pen Company. Fountain pen.",US-1809416,Moore Pen Company,1270,US-1809416,1929,John G. Liddel,Fountain pen.
1742641412-1271,"Patent US-D084323, applied in 1931, by Andreas Bienenstein, Conklin Pen Manufacturing Co.. Design for a mechanical pencil.",US-D084323,Conklin Pen Manufacturing Co.,1271,,,,
1742641412-1272,"Patent US-1809985, applied in 1929, by Lucifer J. Most, Swan. Pen desk set.",US-1809985,Swan,1272,US-1809985,1929,Lucifer J. Most,Pen desk set.
1742641412-1273,"Patent US-1809992, applied in 1925, by Oscar J. Sundstrand, Unbranded. Fountain pen.",US-1809992,Unbranded,1273,US-1809992,1925,Oscar J. Sundstrand,Fountain pen.
1742641412-1274,"Patent US-D084394, applied in 1931, by Andreas Bienenstein, Conklin Pen Manufacturing Co.. Design for a fountain pen.",US-D084394,Conklin Pen Manufacturing Co.,1274,,,,
1742641412-1275,"Patent US-1811874, applied in 1929, by Edward C. Berry, Chilton. Fountain-pen.",US-1811874,Chilton,1275,US-1811874,1929,Edward C. Berry,Fountain-pen.
1742641412-1276,"Patent US-1811992, applied in 1929, by Benjamin R. Bell, Unbranded. Fountain pen.",US-1811992,Unbranded,1276,US-1811992,1929,Benjamin R. Bell,Fountain pen.
1742641412-1277,"Patent US-1812536, applied in 1929, by Theodor Kovacs, Günther Wagner - Pelikan. Clip for securing articles to cloth.",US-1812536,Günther Wagner - Pelikan,1277,US-1812536,1929,Theodor Kovacs,Clip for securing articles to cloth.
1742641412-1278,"Patent GB-351734, applied in 1930, by Isaia Levi, Fabbrica Italiana Penne a Serbatoio Aurora. Improvements in or relating to Fountain Pens.",GB-351734,Fabbrica Italiana Penne a Serbatoio Aurora,1278,GB-351734,1930,Isaia Levi,Improvements in or relating to Fountain Pens.
1742641412-1279,"Patent FR-38723E, applied in 1925, Fabbrica Italiana Penne a Serbatoio Aurora. Plume à réservoir.",FR-38723E,Fabbrica Italiana Penne a Serbatoio Aurora,1279,,,,
1742641412-1280,"Patent US-1813271, applied in 1929, by Andreas Bienenstein, Conklin Pen Manufacturing Co.. Fountain pen desk set.",US-1813271,Conklin Pen Manufacturing Co.,1280,,,,
1742641412-1281,"Patent GB-352184, applied in 1929, by Christian Lausen et al, Montblanc. Improvements in fountain pens.",GB-352184,Montblanc,1281,GB-352184,1929,Christian Lausen et al,Improvements in fountain pens.
1742641412-1282,"Patent US-1814085, applied in 1929, by Walter E. Guyot, Pen Desk Set Company. Desk set.",US-1814085,Pen Desk Set Company,1282,US-1814085,1929,Walter E. Guyot,Desk set.
1742641412-1283,"Patent US-D084641, applied in 1931, by Gabriel Larsen, Waterman. Design for a fountain pen or similar article.",US-D084641,Waterman,1283,US-D084641,1931,Gabriel Larsen,Design for a fountain pen or similar article.
1742641412-1284,"Patent US-1816057, applied in 1929, by Salomon M. Sager, Sager. Combination ink bottle.",US-1816057,Sager,1284,US-1816057,1929,Salomon M. Sager,Combination ink bottle.
1742641412-1285,"Patent CH-148515, applied in 1930, Swan. Porte-mine.",CH-148515,Swan,1285,,,,
1742641412-1286,"Patent BE-371161, applied in 1929, by Joseph Michel Alphonse Luis Carre, Gold Starry. Perfectionnements aux modes de remplissage automatique des porteplumes réservoirs.",BE-371161,Gold Starry,1286,BE-371161,1929,Joseph Michel Alphonse Luis Carre,Perfectionnements aux modes de remplissage automatique des porteplumes réservoirs.
1742641412-1287,"Patent US-1818216, applied in 1929, by Oscar Federbusch, Unbranded. Fountain pen.",US-1818216,Unbranded,1287,US-1818216,1929,Oscar Federbusch,Fountain pen.
1742641412-1288,"Patent US-1818743, applied in 1929, by Kenneth S. Parker, The Parker Pen Company. Adjustable feed for fountain pens.",US-1818743,The Parker Pen Company,1288,US-1818743,1929,Kenneth S. Parker,Adjustable feed for fountain pens.
1742641412-1289,"Patent DE-531249, applied in 1928, by Leopold Kutter, Météore - La Plume d'Or, Uneman. Fullfederhalter.",DE-531249,Météore - La Plume d'Or,1289,DE-531249,1928,Leopold Kutter,Fullfederhalter.
1742641412-1290,"Patent US-1819383, applied in 1928, by Kenneth S. Parker, The Parker Pen Company. Fountain pen.",US-1819383,The Parker Pen Company,1290,US-1819383,1928,Kenneth S. Parker,Fountain pen.
1742641412-1291,"Patent DE-532156, applied in 1930, Osmia. Fuellbleistift.",DE-532156,Osmia,1291,,,,
1742641412-1292,"Patent US-D084943, applied in 1931, by Gabriel Larsen, Waterman. Design for a fountain pen.",US-D084943,Waterman,1292,US-D084943,1931,Gabriel Larsen,Design for a fountain pen.
1742641412-1293,"Patent US-D084944, applied in 1931, by Gabriel Larsen, Waterman. Design for a fountain pen.",US-D084944,Waterman,1293,US-D084944,1931,Gabriel Larsen,Design for a fountain pen.
1742641412-1294,"Patent FR-710702, applied in 1931, Pilot. Perfectionnements aux calendriers ou appareils indicateurs de date.",FR-710702,Pilot,1294,,,,
1742641412-1295,"Patent US-1821477, applied in 1929, by Kenneth S. Parker, The Parker Pen Company. Fountain pen.",US-1821477,The Parker Pen Company,1295,US-1821477,1929,Kenneth S. Parker,Fountain pen.
1742641412-1296,"Patent DE-532849, applied in 1930, Soennecken. Fuellhalter.",DE-532849,Soennecken,1296,,,,
1742641412-1297,"Patent US-1822166, applied in 1930, by Lucifer J. Most, Swan. Fountain pen cap.",US-1822166,Swan,1297,US-1822166,1930,Lucifer J. Most,Fountain pen cap.
1742641412-1298,"Patent US-1822167, applied in 1930, by Lucifer J. Most, Swan. Fountain pen cap.",US-1822167,Swan,1298,US-1822167,1930,Lucifer J. Most,Fountain pen cap.
1742641412-1299,"Patent US-1822168, applied in 1930, by Lucifer J. Most, Swan. Combination pocket and desk set fountain pen.",US-1822168,Swan,1299,US-1822168,1930,Lucifer J. Most,Combination pocket and desk set fountain pen.
1742641412-1300,"Patent US-1824012, applied in 1931, by Harry Esterow, Ideal Metal Products. Fountain pen clip.",US-1824012,Ideal Metal Products,1300,US-1824012,1931,Harry Esterow,Fountain pen clip.
1742641412-1301,"Patent US-1824249, applied in 1930, Inkograph. Fountain pen.",US-1824249,Inkograph,1301,,,,
1742641412-1302,"Patent FR-711982, applied in 1930, by Yves Zuber, Stylomine. Perfectionnement aux porte-mine automatiques.",FR-711982,Stylomine,1302,FR-711982,1930,Yves Zuber,Perfectionnement aux porte-mine automatiques.
1742641412-1303,"Patent US-1825014, applied in 1930, by Stanley E. Peters, Security Pen Corporation. Check protector.",US-1825014,Security Pen Corporation,1303,US-1825014,1930,Stanley E. Peters,Check protector.
1742641412-1304,"Patent US-1825090, applied in 1929, by Marion O. Reis, Unbranded. Combination pen cap and blotter.",US-1825090,Unbranded,1304,US-1825090,1929,Marion O. Reis,Combination pen cap and blotter.
1742641412-1305,"Patent FR-712327, applied in 1930, by Yves Zuber, Stylomine. Nouveaux porte-plumes à réservoir.",FR-712327,Stylomine,1305,FR-712327,1930,Yves Zuber,Nouveaux porte-plumes à réservoir.
1742641412-1306,"Patent US-1825931, applied in 1927, by Walter J. Baker, Wahl Eversharp. Fountain pen.",US-1825931,Wahl Eversharp,1306,US-1825931,1927,Walter J. Baker,Fountain pen.
1742641412-1307,"Patent US-1826246, applied in 1929, by Max Heerklotz, Montblanc. Closure for self-filling pens.",US-1826246,Montblanc,1307,US-1826246,1929,Max Heerklotz,Closure for self-filling pens.
1742641412-1308,"Patent GB-358322, applied in 1930, by Asahi Watanabe, Pilot. Improvements in Caps and Clips for Fountain Pens.",GB-358322,Pilot,1308,GB-358322,1930,Asahi Watanabe,Improvements in Caps and Clips for Fountain Pens.
1742641412-1309,"Patent US-1828018, applied in 1930, by Gerald L. Bassett, Conklin Pen Manufacturing Co.. Fountain pen filling device.",US-1828018,Conklin Pen Manufacturing Co.,1309,,,,
1742641412-1310,"Patent US-1828019, applied in 1930, by Gerald L. Bassett, Conklin Pen Manufacturing Co.. Fountain pen filling device.",US-1828019,Conklin Pen Manufacturing Co.,1310,,,,
1742641412-1311,"Patent GB-359200, applied in 1930, Swan. Improved fountain pen.",GB-359200,Swan,1311,,,,
1742641412-1312,"Patent GB-359230, applied in 1930, by George Stewart Vivian, Ford Patent Pen. Improvements in Fountain Pens.",GB-359230,Ford Patent Pen,1312,GB-359230,1930,George Stewart Vivian,Improvements in Fountain Pens.
1742641412-1313,"Patent GB-359830, applied in 1931, by Kabushiki Kaisha Namiki Seisakusho, Pilot. Improvements in or relating to Calendars or Date Indicators.",GB-359830,Pilot,1313,GB-359830,1931,Kabushiki Kaisha Namiki Seisakusho,Improvements in or relating to Calendars or Date Indicators.
1742641412-1314,"Patent DE-537280, applied in 1930, Osmia. Fuellfederhalter.",DE-537280,Osmia,1314,,,,
1742641412-1315,"Patent GB-360918, applied in 1930, by Edward G. Knight, De La Rue - Onoto. Improvements in or relating to means for attaching clips to fountain pen caps and the like.",GB-360918,De La Rue - Onoto,1315,GB-360918,1930,Edward G. Knight,Improvements in or relating to means for attaching clips to fountain pen caps and the like.
1742641412-1316,"Patent US-1832170, applied in 1931, by Herman B. Wilson, Conklin Pen Manufacturing Co.. Fountain pen desk set.",US-1832170,Conklin Pen Manufacturing Co.,1316,,,,
1742641412-1317,"Patent US-1833244, applied in 1929, by Wilhelm Dziabor, Montblanc. Magazine pencil.",US-1833244,Montblanc,1317,US-1833244,1929,Wilhelm Dziabor,Magazine pencil.
1742641412-1318,"Patent US-D085655, applied in 1931, by James J. Larmour, Chilton. Penholder or similar article.",US-D085655,Chilton,1318,US-D085655,1931,James J. Larmour,Penholder or similar article.
1742641412-1319,"Patent GB-363935, applied in 1931, by Rinji Nomura, Pilot. Improvements in or relating to Stands for Pens and the like.",GB-363935,Pilot,1319,GB-363935,1931,Rinji Nomura,Improvements in or relating to Stands for Pens and the like.
1742641412-1320,"Patent US-1840110, applied in 1930, by Henry Krause, Chilton. Fountain pen.",US-1840110,Chilton,1320,US-1840110,1930,Henry Krause,Fountain pen.
1742641412-1321,"Patent GB-364436, applied in 1931, by Leopold Kutter, Météore - La Plume d'Or, Uneman. Improvements in and relating to Fountain-pens.",GB-364436,Météore - La Plume d'Or,1321,GB-364436,1931,Leopold Kutter,Improvements in and relating to Fountain-pens.
1742641412-1322,"Patent US-1842503, applied in 1931, by Daniel V. Bowen, Waterman. Penholder for writing instruments.",US-1842503,Waterman,1322,US-1842503,1931,Daniel V. Bowen,Penholder for writing instruments.
1742641412-1323,"Patent US-1842677, applied in 1929, by Theodor Kovacs, Günther Wagner - Pelikan. Fountain pen protector.",US-1842677,Günther Wagner - Pelikan,1323,US-1842677,1929,Theodor Kovacs,Fountain pen protector.
1742641412-1324,"Patent US-D086111, applied in 1931, by William R. Cuthbert, W. A. Sheaffer Pen Company. Design for a clip for a writing instrument.",US-D086111,W. A. Sheaffer Pen Company,1324,US-D086111,1931,William R. Cuthbert,A. Sheaffer Pen Company. Design for a clip for a writing instrument.
1742641412-1325,"Patent FR-719763, applied in 1930, by Yves Zuber, Stylomine. Perfectionnement aux porte-mine.",FR-719763,Stylomine,1325,FR-719763,1930,Yves Zuber,Perfectionnement aux porte-mine.
1742641412-1326,"Patent US-1845293, applied in 1929, by David J. La France, Carter's Ink Company. Pencil.",US-1845293,Carter's Ink Company,1326,US-1845293,1929,David J. La France,Pencil.
1742641412-1327,"Patent DE-544477, applied in 1929, Montblanc. Tintenzuführer.",DE-544477,Montblanc,1327,,,,
1742641412-1328,"Patent US-1846604, applied in 1925, by William T. Maloney, Dictator. Magazine pencil.",US-1846604,Dictator,1328,US-1846604,1925,William T. Maloney,Magazine pencil.
1742641412-1329,"Patent FR-726185, applied in 1931, by Giuseppe Tibaldi, Tibaldi. Porte-plume réservoir à remplissage automatique.",FR-726185,Tibaldi,1329,FR-726185,1931,Giuseppe Tibaldi,Porte-plume réservoir à remplissage automatique.
1742641412-1330,"Patent US-D086297, applied in 1931, by Andreas Bienenstein, Conklin Pen Manufacturing Co.. Design for a pencil.",US-D086297,Conklin Pen Manufacturing Co.,1330,,,,
1742641412-1331,"Patent US-1907626, applied in 1930, Inkograph. Display apparatus.",US-1907626,Inkograph,1331,,,,
1742641412-1332,"Patent US-D086433, applied in 1931, by Robert Back, Wahl Eversharp. Design for a band for a fountain pen or the like.",US-D086433,Wahl Eversharp,1332,US-D086433,1931,Robert Back,Design for a band for a fountain pen or the like.
1742641412-1333,"Patent CH-153221, applied in 1929, Fend. Vierfarbstift.",CH-153221,Fend,1333,,,,
1742641412-1334,"Patent US-1851257, applied in 1930, by Eugene Le Boeuf, LeBoeuf. Fountain pen.",US-1851257,LeBoeuf,1334,US-1851257,1930,Eugene Le Boeuf,Fountain pen.
1742641412-1335,"Patent US-1852094, applied in 1930, by Herman K. Stempel, W. A. Sheaffer Pen Company. Fountain pen pressure bar.",US-1852094,W. A. Sheaffer Pen Company,1335,US-1852094,1930,Herman K. Stempel,A. Sheaffer Pen Company. Fountain pen pressure bar.
1742641412-1336,"Patent US-1853316, applied in 1927, by Oscar F. Nilsson, Joseph Bachrach, Waterman. Device for facilitating the filling of fountain pens.",US-1853316,Waterman,1336,US-1853316,1927,Oscar F. Nilsson,Device for facilitating the filling of fountain pens.
1742641412-1337,"Patent US-1853731, applied in 1929, by Theodor Kovacs, Günther Wagner - Pelikan. Reservoir pen.",US-1853731,Günther Wagner - Pelikan,1337,US-1853731,1929,Theodor Kovacs,Reservoir pen.
1742641412-1338,"Patent US-1853876, applied in 1931, by Ivan D. Tefft et al, The Parker Pen Company. Desk set mounting.",US-1853876,The Parker Pen Company,1338,US-1853876,1931,Ivan D. Tefft et al,Desk set mounting.
1742641412-1339,"Patent FR-723884, applied in 1931, Pilot. Perfectionnements aux support pour plumes, etc..",FR-723884,Pilot,1339,,,,
1742641412-1340,"Patent US-1854747, applied in 1931, by David J. La France, Carter's Ink Company. Clip for fountain pens and pencils.",US-1854747,Carter's Ink Company,1340,US-1854747,1931,David J. La France,Clip for fountain pens and pencils.
1742641412-1341,"Patent DE-549180, applied in 1929, by Hans Paasch, Unbranded. Fuellbleistift.",DE-549180,Unbranded,1341,DE-549180,1929,Hans Paasch,Fuellbleistift.
1742641412-1342,"Patent US-D086826, applied in 1932, by Herbert L. Carman, Swan. Design for a fountain pen.",US-D086826,Swan,1342,US-D086826,1932,Herbert L. Carman,Design for a fountain pen.
1742641412-1343,"Patent GB-373123, applied in 1931, by Arthur Gilbert, Mentmore. Improvements in or relating to pen nibs.",GB-373123,Mentmore,1343,GB-373123,1931,Arthur Gilbert,Improvements in or relating to pen nibs.
1742641412-1344,"Patent US-1860093, applied in 1930, by Walter E. Guyot, The Parker Pen Company. Writing instrument receiving receptacle.",US-1860093,The Parker Pen Company,1344,US-1860093,1930,Walter E. Guyot,Writing instrument receiving receptacle.
1742641412-1345,"Patent DE-551061, applied in 1929, by Armando Simoni, The King, Officine Meccaniche Armando Simoni. Vorrichtung zum selbsttätigen Füllen von Füllfederhaltern.",DE-551061,The King,1345,DE-551061,1929,Armando Simoni,Vorrichtung zum selbsttätigen Füllen von Füllfederhaltern.
1742641412-1346,"Patent FR-726288, applied in 1931, by Firme G. Rau, G. Rau. Procédé pour la fabrication d'agrafes en feuille de plaqué simple ou double pour porte-plume réservoirs, etc..",FR-726288,G. Rau,1346,FR-726288,1931,Firme G. Rau,"Rau. Procédé pour la fabrication d'agrafes en feuille de plaqué simple ou double pour porte-plume réservoirs, etc.."
1742641412-1347,"Patent US-1860853, applied in 1930, by William R. Cuthbert, W. A. Sheaffer Pen Company. Fountain pen desk set.",US-1860853,W. A. Sheaffer Pen Company,1347,US-1860853,1930,William R. Cuthbert,A. Sheaffer Pen Company. Fountain pen desk set.
1742641412-1348,"Patent US-D087067, applied in 1932, by Aaron Kolber, Diamond Point Pen Company. Design for a fountain pen.",US-D087067,Diamond Point Pen Company,1348,US-D087067,1932,Aaron Kolber,Design for a fountain pen.
1742641412-1349,"Patent GB-373756, applied in 1931, by Robert Jasper Knowles, Swan. Improvements in or relating to pouring devices for attachment to bottles and other containers.",GB-373756,Swan,1349,GB-373756,1931,Robert Jasper Knowles,Improvements in or relating to pouring devices for attachment to bottles and other containers.
1742641412-1350,"Patent GB-374274, applied in 1930, by Yves Zuber, Stylomine. Improvements in or relating to reservoir pens.",GB-374274,Stylomine,1350,GB-374274,1930,Yves Zuber,Improvements in or relating to reservoir pens.
1742641412-1351,"Patent US-1862586, applied in 1929, by George Stewart Vivian, Ford Patent Pen. Fountain pen.",US-1862586,Ford Patent Pen,1351,US-1862586,1929,George Stewart Vivian,Fountain pen.
1742641412-1352,"Patent US-1863016, applied in 1929, by Henry Krause, Chilton. Clip for fountain-pen caps, pencils and the like.",US-1863016,Chilton,1352,US-1863016,1929,Henry Krause,"Clip for fountain-pen caps, pencils and the like."
1742641412-1353,"Patent US-1863061, applied in 1930, by Gabriel Larsen, Waterman. Receptacle for pen points provided with dark bands.",US-1863061,Waterman,1353,US-1863061,1930,Gabriel Larsen,Receptacle for pen points provided with dark bands.
1742641412-1354,"Patent FR-728038, applied in 1930, by Mirko Chelazzi, Dino Frulli, Zerollo. Porte-plume à réservoir à plumes jumelées.",FR-728038,Zerollo,1354,FR-728038,1930,Mirko Chelazzi,Porte-plume à réservoir à plumes jumelées.
1742641412-1355,"Patent GB-375457, applied in 1931, by George Stewart Vivian, Ford Patent Pen. Improvements in Reservoir Fountain Pens.",GB-375457,Ford Patent Pen,1355,GB-375457,1931,George Stewart Vivian,Improvements in Reservoir Fountain Pens.
1742641412-1356,"Patent GB-375458, applied in 1931, by George Stewart Vivian, Ford Patent Pen. Improvements in and connected with Self-filling Fountain Pens.",GB-375458,Ford Patent Pen,1356,GB-375458,1931,George Stewart Vivian,Improvements in and connected with Self-filling Fountain Pens.
1742641412-1357,"Patent US-1916808, applied in 1931, by Kenneth S. Parker, The Parker Pen Company. Desk set.",US-1916808,The Parker Pen Company,1357,US-1916808,1931,Kenneth S. Parker,Desk set.
1742641412-1358,"Patent US-1867801, applied in 1931, by Andreas Bienenstein, William Douglas, Conklin Pen Manufacturing Co.. Fountain pen filling attachment for ink bottles or the like.",US-1867801,Conklin Pen Manufacturing Co.,1358,,,,
1742641412-1359,"Patent US-1867932, applied in 1927, by Carl W. Gronemann et al, Wahl Eversharp. Means for making pen nibs.",US-1867932,Wahl Eversharp,1359,US-1867932,1927,Carl W. Gronemann et al,Means for making pen nibs.
1742641412-1360,"Patent US-1868257, applied in 1930, by Salomon M. Sager, Sager. Fountain pen.",US-1868257,Sager,1360,US-1868257,1930,Salomon M. Sager,Fountain pen.
1742641412-1361,"Patent US-D087378, applied in 1930, by Robert Back, Wahl Eversharp. Design for a fountain pen.",US-D087378,Wahl Eversharp,1361,US-D087378,1930,Robert Back,Design for a fountain pen.
1742641412-1362,"Patent FR-729691, applied in 1931, by Arthur Gilbert, Mentmore. Perfectionnement aux becs des plumes.",FR-729691,Mentmore,1362,FR-729691,1931,Arthur Gilbert,Perfectionnement aux becs des plumes.
1742641412-1363,"Patent US-1869950, applied in 1931, by Harry E. Waldron, W. A. Sheaffer Pen Company. Pen.",US-1869950,W. A. Sheaffer Pen Company,1363,US-1869950,1931,Harry E. Waldron,A. Sheaffer Pen Company. Pen.
1742641412-1364,"Patent FR-730165, applied in 1931, by Firme G. Rau, Météore - La Plume d'Or, Uneman, G. Rau. Dispositif pour la fixation et le guidage du porte-plume réservoir dans la douille-enveloppe.",FR-730165,Météore - La Plume d'Or,1364,FR-730165,1931,Firme G. Rau,Rau. Dispositif pour la fixation et le guidage du porte-plume réservoir dans la douille-enveloppe.
1742641412-1365,"Patent FR-730201, applied in 1931, by Leopold Kutter, Météore - La Plume d'Or, Uneman. Porte-plume réservoir.",FR-730201,Météore - La Plume d'Or,1365,FR-730201,1931,Leopold Kutter,Porte-plume réservoir.
1742641412-1366,"Patent US-D087523, applied in 1932, by David Kahn, Wearever. Design for a fountain pen.",US-D087523,Wearever,1366,US-D087523,1932,David Kahn,Design for a fountain pen.
1742641412-1367,"Patent US-D087524, applied in 1932, by David Kahn, Wearever. Design for a fountain pen.",US-D087524,Wearever,1367,US-D087524,1932,David Kahn,Design for a fountain pen.
1742641412-1368,"Patent US-D087525, applied in 1932, by David Kahn, Wearever. Design for a pencil.",US-D087525,Wearever,1368,US-D087525,1932,David Kahn,Design for a pencil.
1742641412-1369,"Patent DE-556766, applied in 1928, by George Sweetser, Mentmore. Füllfederhalter.",DE-556766,Mentmore,1369,DE-556766,1928,George Sweetser,Füllfederhalter.
1742641412-1370,"Patent US-1872064, applied in 1929, by William R. Cuthbert, W. A. Sheaffer Pen Company. Cap construction.",US-1872064,W. A. Sheaffer Pen Company,1370,US-1872064,1929,William R. Cuthbert,A. Sheaffer Pen Company. Cap construction.
1742641412-1371,"Patent US-1872151, applied in 1931, by William H. Lindemon, W. A. Sheaffer Pen Company. Tip for mechanical pencils.",US-1872151,W. A. Sheaffer Pen Company,1371,US-1872151,1931,William H. Lindemon,A. Sheaffer Pen Company. Tip for mechanical pencils.
1742641412-1372,"Patent US-1876151, applied in 1929, by Salomon M. Sager, Sager. Pen-point.",US-1876151,Sager,1372,US-1876151,1929,Salomon M. Sager,Pen-point.
1742641412-1373,"Patent US-1876152, applied in 1929, by Walter A. Sheaffer, W. A. Sheaffer Pen Company. Container.",US-1876152,W. A. Sheaffer Pen Company,1373,US-1876152,1929,Walter A. Sheaffer,A. Sheaffer Pen Company. Container.
1742641412-1374,"Patent US-1876197, applied in 1929, by Gerald L. Bassett, Conklin Pen Manufacturing Co.. Fountain pen desk set.",US-1876197,Conklin Pen Manufacturing Co.,1374,,,,
1742641412-1375,"Patent US-1876298, applied in 1931, by John A. Holland, John Holland Pen Company. Self-filling pen.",US-1876298,John Holland Pen Company,1375,US-1876298,1931,John A. Holland,Self-filling pen.
1742641412-1376,"Patent US-1876698, applied in 1929, by Gabriel Larsen, Waterman. Pencil.",US-1876698,Waterman,1376,US-1876698,1929,Gabriel Larsen,Pencil.
1742641412-1377,"Patent GB-380267, applied in 1931, by Kabushiki Kaisha Namiki Seisakusho, Pilot. Improvements in or relating to Stands for Pens and the like.",GB-380267,Pilot,1377,GB-380267,1931,Kabushiki Kaisha Namiki Seisakusho,Improvements in or relating to Stands for Pens and the like.
1742641412-1378,"Patent US-D087792, applied in 1931, by Russel C. Parker, The Parker Pen Company. Design for a fountain pen.",US-D087792,The Parker Pen Company,1378,US-D087792,1931,Russel C. Parker,Design for a fountain pen.
1742641412-1379,"Patent FR-732570, applied in 1932, Pilot. Fabrication perfectionnée d'encres à écrire.",FR-732570,Pilot,1379,,,,
1742641412-1380,"Patent DE-560426, applied in 1931, by Giuseppe Tibaldi, Tibaldi. Füllfederhalter.",DE-560426,Tibaldi,1380,DE-560426,1931,Giuseppe Tibaldi,Füllfederhalter.
1742641412-1381,"Patent DE-560539, applied in 1930, by Firme G. Rau, G. Rau. Verfahren zur Herstellung von Taschenklammern, insbesondere fuer Fuellhalter.",DE-560539,G. Rau,1381,DE-560539,1930,Firme G. Rau,"Rau. Verfahren zur Herstellung von Taschenklammern, insbesondere fuer Fuellhalter."
1742641412-1382,"Patent US-1882644, applied in 1930, by Louis H. Juster, Waterman. Feed for fountain pens.",US-1882644,Waterman,1382,US-1882644,1930,Louis H. Juster,Feed for fountain pens.
1742641412-1383,"Patent US-1882780, applied in 1930, by Arthur O. Dahlberg, The Parker Pen Company. Fountain pen.",US-1882780,The Parker Pen Company,1383,US-1882780,1930,Arthur O. Dahlberg,Fountain pen.
1742641412-1384,"Patent US-1883160, applied in 1929, by Henry J. Upton, Chilton. Frictional packing.",US-1883160,Chilton,1384,US-1883160,1929,Henry J. Upton,Frictional packing.
1742641412-1385,"Patent FR-734273, applied in 1931, Swan. Perfectionnements aux becs verseurs destinés à être fixés aux bouteilles ou autres récipients.",FR-734273,Swan,1385,,,,
1742641412-1386,"Patent FR-734996, applied in 1932, by Lous Moratille, Edacoto. Encrier perfectionné.",FR-734996,Edacoto,1386,FR-734996,1932,Lous Moratille,Encrier perfectionné.
1742641412-1387,"Patent US-1885862, applied in 1931, by Salomon M. Sager, Sager. Feed bar and pen point.",US-1885862,Sager,1387,US-1885862,1931,Salomon M. Sager,Feed bar and pen point.
1742641412-1388,"Patent US-1886307, applied in 1930, by Salomon M. Sager, Sager. Fountain pen section.",US-1886307,Sager,1388,US-1886307,1930,Salomon M. Sager,Fountain pen section.
1742641412-1389,"Patent CA-327288, applied in 1931, by Eugenio Verga, Swan, Columbus. Fountain pen / Stylographe.",CA-327288,Swan,1389,CA-327288,1931,Eugenio Verga,Fountain pen / Stylographe.
1742641412-1390,"Patent US-D088299, applied in 1932, by David Kahn, Wearever. Design for a fountain pen.",US-D088299,Wearever,1390,US-D088299,1932,David Kahn,Design for a fountain pen.
1742641412-1391,"Patent DE-565366, applied in 1931, Fend. Füllhalter.",DE-565366,Fend,1391,,,,
1742641412-1392,"Patent FR-737250, applied in 1932, by Ourest Pousino, Unbranded. Porte-plume à réservoir à nouveau dispositif de remplissage.",FR-737250,Unbranded,1392,FR-737250,1932,Ourest Pousino,Porte-plume à réservoir à nouveau dispositif de remplissage.
1742641412-1393,"Patent DE-566195, applied in 1930, Günther Wagner - Pelikan. Verfahren und Tintenbehaelter zum Fuellen von Selbstfuell-Federhaltern.",DE-566195,Günther Wagner - Pelikan,1393,,,,
1742641412-1394,"Patent FR-737930, applied in 1931, by Yves Zuber, Stylomine. Perfectionnement aux porte-plumes réservoir.",FR-737930,Stylomine,1394,FR-737930,1931,Yves Zuber,Perfectionnement aux porte-plumes réservoir.
1742641412-1395,"Patent US-1892145, applied in 1930, by Walter E. Guyot, The Parker Pen Company. Mechanical pencil.",US-1892145,The Parker Pen Company,1395,US-1892145,1930,Walter E. Guyot,Mechanical pencil.
1742641412-1396,"Patent US-1892181, applied in 1932, by Ivan D. Tefft, The Parker Pen Company. Desk set structure.",US-1892181,The Parker Pen Company,1396,US-1892181,1932,Ivan D. Tefft,Desk set structure.
1742641412-1397,"Patent US-1892369, applied in 1931, by Giuseppe Tibaldi, Tibaldi. Self-filling fountain pen.",US-1892369,Tibaldi,1397,US-1892369,1931,Giuseppe Tibaldi,Self-filling fountain pen.
1742641412-1398,"Patent US-1892499, applied in 1926, by Horace L. Blackman, Pen Desk Set Company. Securing means for receiving receptacles for pens.",US-1892499,Pen Desk Set Company,1398,US-1892499,1926,Horace L. Blackman,Securing means for receiving receptacles for pens.
1742641412-1399,"Patent US-1892509, applied in 1927, by Walter E. Guyot, Pen Desk Set Company. Desk set.",US-1892509,Pen Desk Set Company,1399,US-1892509,1927,Walter E. Guyot,Desk set.
1742641412-1400,"Patent US-1892523, applied in 1927, by Alexander Innes Ferrier, Pen Desk Set Company. Desk set for fountain pens.",US-1892523,Pen Desk Set Company,1400,US-1892523,1927,Alexander Innes Ferrier,Desk set for fountain pens.
1742641412-1401,"Patent US-1892524, applied in 1929, by Alexander Innes Ferrier, Pen Desk Set Company. Fountain pen desk set.",US-1892524,Pen Desk Set Company,1401,US-1892524,1929,Alexander Innes Ferrier,Fountain pen desk set.
1742641412-1402,"Patent US-D088821, applied in 1932, by Joseph B. Platt, Ivan D. Tefft, The Parker Pen Company. Design for a fountain pen and pencil clip.",US-D088821,The Parker Pen Company,1402,US-D088821,1932,Joseph B. Platt,"Tefft, The Parker Pen Company. Design for a fountain pen and pencil clip."
1742641412-1403,"Patent GB-385403, applied in 1931, by Giuseppe Tibaldi, Tibaldi. Self-filling Fountain Pen.",GB-385403,Tibaldi,1403,GB-385403,1931,Giuseppe Tibaldi,Self-filling Fountain Pen.
1742641412-1404,"Patent US-1893130, applied in 1930, by Mirko Chelazzi, Dino Frulli, Zerollo. Fountain pen.",US-1893130,Zerollo,1404,US-1893130,1930,Mirko Chelazzi,Fountain pen.
1742641412-1405,"Patent FR-739163, applied in 1932, Edacoto. Perfectionnements aux porte-plume à réservoir.",FR-739163,Edacoto,1405,,,,
1742641412-1406,"Patent US-1893534, applied in 1930, by Andreas Bienenstein, Conklin Pen Manufacturing Co.. Fountain pen desk set.",US-1893534,Conklin Pen Manufacturing Co.,1406,,,,
1742641412-1407,"Patent US-1895736, applied in 1932, by Julius L. Schnell, Schnell. Fountain pen.",US-1895736,Schnell,1407,US-1895736,1932,Julius L. Schnell,Fountain pen.
1742641412-1408,"Patent DE-570012, applied in 1931, by Josef C. Lamy, Lamy. Fuellhalter in Verbindung mit Fuellbleistift.",DE-570012,Lamy,1408,DE-570012,1931,Josef C. Lamy,Fuellhalter in Verbindung mit Fuellbleistift.
1742641412-1409,"Patent GB-387844, applied in 1932, by Kabushiki Kaisha Namiki Seisakusho, Pilot. Improved Manufacture of Writing Inks.",GB-387844,Pilot,1409,GB-387844,1932,Kabushiki Kaisha Namiki Seisakusho,Improved Manufacture of Writing Inks.
1742641412-1410,"Patent US-1898342, applied in 1929, by William R. Cuthbert, W. A. Sheaffer Pen Company. Container.",US-1898342,W. A. Sheaffer Pen Company,1410,US-1898342,1929,William R. Cuthbert,A. Sheaffer Pen Company. Container.
1742641412-1411,"Patent US-1900669, applied in 1929, by Craig R. Sheaffer, William R. Cuthbert, W. A. Sheaffer Pen Company. Pencil.",US-1900669,W. A. Sheaffer Pen Company,1411,US-1900669,1929,Craig R. Sheaffer,"Cuthbert, W. A. Sheaffer Pen Company. Pencil."
1742641412-1412,"Patent US-D089449, applied in 1932, by Russel C. Parker, The Parker Pen Company. Design for a fountain pen.",US-D089449,The Parker Pen Company,1412,US-D089449,1932,Russel C. Parker,Design for a fountain pen.
1742641412-1413,"Patent US-1902091, applied in 1929, by Oscar F. Nilsson, Joseph Bachrach, Waterman. Inkstand.",US-1902091,Waterman,1413,US-1902091,1929,Oscar F. Nilsson,Inkstand.
1742641412-1414,"Patent US-1902208, applied in 1926, by Robert Back, Glenn A. Cooper, Pen Desk Set Company. Desk pen holder.",US-1902208,Pen Desk Set Company,1414,US-1902208,1926,Robert Back,"Cooper, Pen Desk Set Company. Desk pen holder."
1742641412-1415,"Patent US-1902573, applied in 1929, by Samuel A. Neidich, Unbranded. Method for forming tubes of celluloid and the like.",US-1902573,Unbranded,1415,US-1902573,1929,Samuel A. Neidich,Method for forming tubes of celluloid and the like.
1742641412-1416,"Patent US-1902633, applied in 1931, by William J. Foley, Chilton. Fountain pen.",US-1902633,Chilton,1416,US-1902633,1931,William J. Foley,Fountain pen.
1742641412-1417,"Patent US-1902782, applied in 1931, by Theodor Kovacs, Günther Wagner - Pelikan. Writing, drawing, or ruling pen.",US-1902782,Günther Wagner - Pelikan,1417,US-1902782,1931,Theodor Kovacs,"Writing, drawing, or ruling pen."
1742641412-1418,"Patent US-1902809, applied in 1930, by Andreas Bienenstein, Conklin Pen Manufacturing Co.. Plunger type pen.",US-1902809,Conklin Pen Manufacturing Co.,1418,,,,
1742641412-1419,"Patent US-1902810, applied in 1931, by Andreas Bienenstein, Conklin Pen Manufacturing Co.. Plunger type pen.",US-1902810,Conklin Pen Manufacturing Co.,1419,,,,
1742641412-1420,"Patent US-1902811, applied in 1932, by Andreas Bienenstein, Conklin Pen Manufacturing Co.. Plunger type pen.",US-1902811,Conklin Pen Manufacturing Co.,1420,,,,
1742641412-1421,"Patent US-1903022, applied in 1931, by Gerald L. Bassett, Conklin Pen Manufacturing Co.. Plunger type pen.",US-1903022,Conklin Pen Manufacturing Co.,1421,,,,
1742641412-1422,"Patent DE-573413, applied in 1931, by Leopold Kutter, Météore - La Plume d'Or, Uneman. Fullfederhalter.",DE-573413,Météore - La Plume d'Or,1422,DE-573413,1931,Leopold Kutter,Fullfederhalter.
1742641412-1423,"Patent DE-574150, applied in 1930, Heintze & Blanckertz. Flachfeder.",DE-574150,Heintze & Blanckertz,1423,,,,
1742641412-1424,"Patent GB-390585, applied in 1932, by Edward Stephen Sears, Swan. Improvements in, or relating to, Fountain Pens.",GB-390585,Swan,1424,GB-390585,1932,Edward Stephen Sears,"Improvements in, or relating to, Fountain Pens."
1742641412-1425,"Patent GB-451275, applied in 1934, by Edward Stephen Sears, Swan. Improvements in self-filling fountain pens.",GB-451275,Swan,1425,GB-451275,1934,Edward Stephen Sears,Improvements in self-filling fountain pens.
1742641412-1426,"Patent US-1904212, applied in 1932, by Harry Esterow, Ideal Metal Products. Fountain pen clip.",US-1904212,Ideal Metal Products,1426,US-1904212,1932,Harry Esterow,Fountain pen clip.
1742641412-1427,"Patent US-1904358, applied in 1933, by Arthur O. Dahlberg, The Parker Pen Company. Fountain pen.",US-1904358,The Parker Pen Company,1427,US-1904358,1933,Arthur O. Dahlberg,Fountain pen.
1742641412-1428,"Patent US-1905920, applied in 1931, by William H. Lindemon, W. A. Sheaffer Pen Company. Mechanical pencil.",US-1905920,W. A. Sheaffer Pen Company,1428,US-1905920,1931,William H. Lindemon,A. Sheaffer Pen Company. Mechanical pencil.
1742641412-1429,"Patent US-1907626, applied in 1931, Inkograph. Point and feed section of fountain pens.",US-1907626,Inkograph,1429,,,,
1742641412-1430,"Patent US-1908123, applied in 1929, by William R. Cuthbert, W. A. Sheaffer Pen Company. Fountain pen construction.",US-1908123,W. A. Sheaffer Pen Company,1430,US-1908123,1929,William R. Cuthbert,A. Sheaffer Pen Company. Fountain pen construction.
1742641412-1431,"Patent US-1908384, applied in 1931, by George Stewart Vivian, Ford Patent Pen. Reservoir fountain pen.",US-1908384,Ford Patent Pen,1431,US-1908384,1931,George Stewart Vivian,Reservoir fountain pen.
1742641412-1432,"Patent US-D089815, applied in 1932, by Ivan D. Tefft, The Parker Pen Company. Design for a fountain pen.",US-D089815,The Parker Pen Company,1432,US-D089815,1932,Ivan D. Tefft,Design for a fountain pen.
1742641412-1433,"Patent US-1909194, applied in 1931, Inkograph. Fountain pen.",US-1909194,Inkograph,1433,,,,
1742641412-1434,"Patent US-1909795, applied in 1930, by Bjorn Andersen, Carsten Lyng, Unbranded. Coated cellulosic plastic.",US-1909795,Unbranded,1434,US-1909795,1930,Bjorn Andersen,Coated cellulosic plastic.
1742641412-1435,"Patent US-D089939, applied in 1932, by Henry H. Soper, Waterman. Design for an ink bottle cap.",US-D089939,Waterman,1435,US-D089939,1932,Henry H. Soper,Design for an ink bottle cap.
1742641412-1436,"Patent GB-392482, applied in 1931, by Leopold Kutter, Météore - La Plume d'Or, Uneman. Improvements in or relating to Fountain Pens.",GB-392482,Météore - La Plume d'Or,1436,GB-392482,1931,Leopold Kutter,Improvements in or relating to Fountain Pens.
1742641412-1437,"Patent US-1910907, applied in 1932, by Abraham Schlosser, Wahl Eversharp. Fountain pen.",US-1910907,Wahl Eversharp,1437,US-1910907,1932,Abraham Schlosser,Fountain pen.
1742641412-1438,"Patent DE-577248, applied in 1931, by Firme G. Rau, G. Rau. Verfahren zur Herstellung von Doubletaschenklammern fuer Fuellhalter, -bleistifte u.dgl..",DE-577248,G. Rau,1438,DE-577248,1931,Firme G. Rau,"Rau. Verfahren zur Herstellung von Doubletaschenklammern fuer Fuellhalter, -bleistifte u.dgl.."
1742641412-1439,"Patent US-1912774, applied in 1933, by Russel B. Kingman, Camel. Soluble ink fountain pen.",US-1912774,Camel,1439,US-1912774,1933,Russel B. Kingman,Soluble ink fountain pen.
1742641412-1440,"Patent US-D090117, applied in 1932, by Gabriel Larsen, Waterman. Design for a clip for pen or similar article.",US-D090117,Waterman,1440,US-D090117,1932,Gabriel Larsen,Design for a clip for pen or similar article.
1742641412-1441,"Patent US-1915338, applied in 1932, by Gustav J. Sengbusch, Sengbusch Self-Closing Inkstand. Writing Pen.",US-1915338,Sengbusch Self-Closing Inkstand,1441,US-1915338,1932,Gustav J. Sengbusch,Writing Pen.
1742641412-1442,"Patent CH-162422, applied in 1931, Swan. Dispositif verseur pour bouteille ou autre récipient.",CH-162422,Swan,1442,,,,
1742641412-1443,"Patent US-1916199, applied in 1932, by Robert Back, Wahl Eversharp. Writing implement.",US-1916199,Wahl Eversharp,1443,US-1916199,1932,Robert Back,Writing implement.
1742641412-1444,"Patent US-1917185, applied in 1932, by Milford G. Sypher, Chilton. Fountain pen and the like.",US-1917185,Chilton,1444,US-1917185,1932,Milford G. Sypher,Fountain pen and the like.
1742641412-1445,"Patent US-1917423, applied in 1930, by Andreas Bienenstein, Conklin Pen Manufacturing Co.. Plunger type pen.",US-1917423,Conklin Pen Manufacturing Co.,1445,,,,
1742641412-1446,"Patent US-1917568, applied in 1929, by Benjamin F. Wupper, The Parker Pen Company. Fountain pen.",US-1917568,The Parker Pen Company,1446,US-1917568,1929,Benjamin F. Wupper,Fountain pen.
1742641412-1447,"Patent US-1918239, applied in 1931, by Leon H. Ashmore, Esterbrook. Fountain pen.",US-1918239,Esterbrook,1447,US-1918239,1931,Leon H. Ashmore,Fountain pen.
1742641412-1448,"Patent US-1918404, applied in 1931, by Theodor Kovacs, Günther Wagner - Pelikan. Fountain pen.",US-1918404,Günther Wagner - Pelikan,1448,US-1918404,1931,Theodor Kovacs,Fountain pen.
1742641412-1449,"Patent US-1920409, applied in 1931, by William H. Lindemon, Mark G. Lammers, W. A. Sheaffer Pen Company. Swaged tip for mechanical pencils.",US-1920409,W. A. Sheaffer Pen Company,1449,US-1920409,1931,William H. Lindemon,"Lammers, W. A. Sheaffer Pen Company. Swaged tip for mechanical pencils."
1742641412-1450,"Patent US-1920770, applied in 1931, by Ivan D. Tefft, Kenneth S. Parker, The Parker Pen Company. Mechanical pencil.",US-1920770,The Parker Pen Company,1450,US-1920770,1931,Ivan D. Tefft,"Parker, The Parker Pen Company. Mechanical pencil."
1742641412-1451,"Patent DE-581704, applied in 1932, by Leopold Kutter, Météore - La Plume d'Or, Uneman. Fuellfederhalter mit einer verschiebbaren Huelse.",DE-581704,Météore - La Plume d'Or,1451,DE-581704,1932,Leopold Kutter,Fuellfederhalter mit einer verschiebbaren Huelse.
1742641412-1452,"Patent FR-750406, applied in 1932, Météore - La Plume d'Or. Remplisseur pour porte-plume réservoir ou analogues.",FR-750406,Météore - La Plume d'Or,1452,,,,
1742641412-1453,"Patent FR-750689, applied in 1932, by Yves Zuber, Stylomine. Porte-plume à réservoir à «plume-pointe», pouvant être à débit d'encre régularisé, permettant les très grandes contenances.",FR-750689,Stylomine,1453,FR-750689,1932,Yves Zuber,"Porte-plume à réservoir à «plume-pointe», pouvant être à débit d'encre régularisé, permettant les très grandes contenances."
1742641412-1454,"Patent GB-396879, applied in 1932, by Andrew Stuart Horn, Unbranded. Improvements in or relating to Fountain or Reservoir Pens.",GB-396879,Unbranded,1454,GB-396879,1932,Andrew Stuart Horn,Improvements in or relating to Fountain or Reservoir Pens.
1742641412-1455,"Patent DE-582622, applied in 1932, by Leopold Kutter, Météore - La Plume d'Or, Uneman. Fullfederhalter.",DE-582622,Météore - La Plume d'Or,1455,DE-582622,1932,Leopold Kutter,Fullfederhalter.
1742641412-1456,"Patent FR-750757, applied in 1932, by Firme G. Rau, Météore - La Plume d'Or, Uneman, G. Rau. Porte-plume réservoir.",FR-750757,Météore - La Plume d'Or,1456,FR-750757,1932,Firme G. Rau,Rau. Porte-plume réservoir.
1742641412-1457,"Patent US-1923269, applied in 1930, by Gabriel Larsen, Waterman. Fastening clip for fountain pens, pencils, and the like and attaching means therefor.",US-1923269,Waterman,1457,US-1923269,1930,Gabriel Larsen,"Fastening clip for fountain pens, pencils, and the like and attaching means therefor."
1742641412-1458,"Patent US-1923734, applied in 1931, by Henry Krause, Chilton. Pen desk set.",US-1923734,Chilton,1458,US-1923734,1931,Henry Krause,Pen desk set.
1742641412-1459,"Patent GB-397736, applied in 1930, by Mirko Chelazzi, Dino Frulli, Zerollo. Improvements in and relating to twin fountain pens.",GB-397736,Zerollo,1459,GB-397736,1930,Mirko Chelazzi,Improvements in and relating to twin fountain pens.
1742641412-1460,"Patent US-1926405, applied in 1931, by Henry H. Polk Jr., W. A. Sheaffer Pen Company. Fountain pen.",US-1926405,W. A. Sheaffer Pen Company,1460,US-1926405,1931,Henry H. Polk Jr.,A. Sheaffer Pen Company. Fountain pen.
1742641412-1461,"Patent US-1926852, applied in 1932, by Benjamin W. Hanle, Eagle. Clip for writing implements or the like.",US-1926852,Eagle,1461,US-1926852,1932,Benjamin W. Hanle,Clip for writing implements or the like.
1742641412-1462,"Patent GB-479937, applied in 1932, by Frederick Charles Bina, Francis Frederick Barrey, Swan. Improvements in or relating to pencil holders.",GB-479937,Swan,1462,GB-479937,1932,Frederick Charles Bina,Improvements in or relating to pencil holders.
1742641412-1463,"Patent US-1931138, applied in 1933, by William A. Staff, Unbranded. Adjustable pencil holder.",US-1931138,Unbranded,1463,US-1931138,1933,William A. Staff,Adjustable pencil holder.
1742641412-1464,"Patent US-1932248, applied in 1931, by Carl S. Miner, Galen H. Sayler, The Parker Pen Company. Permanent quick drying writing fluid.",US-1932248,The Parker Pen Company,1464,US-1932248,1931,Carl S. Miner,"Sayler, The Parker Pen Company. Permanent quick drying writing fluid."
1742641412-1465,"Patent US-1932765, applied in 1930, by Andreas Bienenstein, Conklin Pen Manufacturing Co.. Ink bottle.",US-1932765,Conklin Pen Manufacturing Co.,1465,,,,
1742641412-1466,"Patent US-1935010, applied in 1928, by Daniel V. Bowen, Charles W. Douglas, Waterman. Desk stand.",US-1935010,Waterman,1466,US-1935010,1928,Daniel V. Bowen,"Douglas, Waterman. Desk stand."
1742641412-1467,"Patent US-1935011, applied in 1931, by Daniel V. Bowen, Waterman. Desk stand.",US-1935011,Waterman,1467,US-1935011,1931,Daniel V. Bowen,Desk stand.
1742641412-1468,"Patent US-1937107, applied in 1933, by Andreas Bienenstein, Conklin Pen Manufacturing Co.. Twisting filler fountain pen.",US-1937107,Conklin Pen Manufacturing Co.,1468,,,,
1742641412-1469,"Patent DE-588550, applied in 1932, Swan. Fuellfederhalter.",DE-588550,Swan,1469,,,,
1742641412-1470,"Patent DE-589001, applied in 1931, by Firma G. Rau, Météore - La Plume d'Or, Uneman, G. Rau. Fullfederhalter.",DE-589001,Météore - La Plume d'Or,1470,DE-589001,1931,Firma G. Rau,Rau. Fullfederhalter.
1742641412-1471,"Patent US-1939199, applied in 1933, by Andreas Bienenstein, Conklin Pen Manufacturing Co.. Clip attachment for fountain pens and other tubular articles.",US-1939199,Conklin Pen Manufacturing Co.,1471,,,,
1742641412-1472,"Patent US-1939753, applied in 1928, by Edward S. Wood, Esterbrook. Fountain pen.",US-1939753,Esterbrook,1472,US-1939753,1928,Edward S. Wood,Fountain pen.
1742641412-1473,"Patent US-1940223, applied in 1931, by Lucifer J. Most, Unbranded. Method of producing seamless celluloid articles from bars of celluloid.",US-1940223,Unbranded,1473,US-1940223,1931,Lucifer J. Most,Method of producing seamless celluloid articles from bars of celluloid.
1742641412-1474,"Patent FR-757456, applied in 1933, JiF. Dispositif doseur, en particulier pour le remplissage des stylographes.",FR-757456,JiF,1474,,,,
1742641412-1475,"Patent US-1943048, applied in 1933, by Joseph Wallace, Inkograph. Fountain pen.",US-1943048,Inkograph,1475,US-1943048,1933,Joseph Wallace,Fountain pen.
1742641412-1476,"Patent DE-590795, applied in 1931, by Firme G. Rau, G. Rau. Verfahren zur Herstellung von Taschenklammern.",DE-590795,G. Rau,1476,DE-590795,1931,Firme G. Rau,Rau. Verfahren zur Herstellung von Taschenklammern.
1742641412-1477,"Patent US-1944927, applied in 1929, by William R. Cuthbert, W. A. Sheaffer Pen Company. Holder for fountain pens.",US-1944927,W. A. Sheaffer Pen Company,1477,US-1944927,1929,William R. Cuthbert,A. Sheaffer Pen Company. Holder for fountain pens.
1742641412-1478,"Patent FR-759525, applied in 1932, by Yves Zuber, Stylomine. Perfectionnement aux porte-plume réservoir permettant de très grosses contenances.",FR-759525,Stylomine,1478,FR-759525,1932,Yves Zuber,Perfectionnement aux porte-plume réservoir permettant de très grosses contenances.
1742641412-1479,"Patent US-1947092, applied in 1933, by Russel B. Kingman, Camel. Soluble ink fountain pen.",US-1947092,Camel,1479,US-1947092,1933,Russel B. Kingman,Soluble ink fountain pen.
1742641412-1480,"Patent GB-406073, applied in 1932, by Lionel Gunsberg, Lang - Curzon - Summit. Improvements in and relating to Ink Wells and in particular Ink Wells suitable for use with Self-filling Fountain Pens.",GB-406073,Lang - Curzon - Summit,1480,GB-406073,1932,Lionel Gunsberg,Improvements in and relating to Ink Wells and in particular Ink Wells suitable for use with Self-filling Fountain Pens.
1742641412-1481,"Patent US-1950364, applied in 1932, by William E. Moore, The Parker Pen Company. Fountain pen feed.",US-1950364,The Parker Pen Company,1481,US-1950364,1932,William E. Moore,Fountain pen feed.
1742641412-1482,"Patent US-D091765, applied in 1933, by Seth Chilton Crocker, Chilton. Design for a pocket clip for pens, pencils, and the like.",US-D091765,Chilton,1482,US-D091765,1933,Seth Chilton Crocker,"Design for a pocket clip for pens, pencils, and the like."
1742641412-1483,"Patent US-1954952, applied in 1932, by Edward Stephen Sears, Swan. Fountain pen.",US-1954952,Swan,1483,US-1954952,1932,Edward Stephen Sears,Fountain pen.
1742641412-1484,"Patent US-1956084, applied in 1931, by Ivan D. Tefft, The Parker Pen Company. Desk set mounting.",US-1956084,The Parker Pen Company,1484,US-1956084,1931,Ivan D. Tefft,Desk set mounting.
1742641412-1485,"Patent GB-409074, applied in 1932, by Ernest M. Wade, Lang - Curzon - Summit. Improvements in or relating to Pencils.",GB-409074,Lang - Curzon - Summit,1485,GB-409074,1932,Ernest M. Wade,Improvements in or relating to Pencils.
1742641412-1486,"Patent US-1957677, applied in 1932, by Henry F. Soper, Edgar P. Sparks, Waterman. Liquid container and housing.",US-1957677,Waterman,1486,US-1957677,1932,Henry F. Soper,"Sparks, Waterman. Liquid container and housing."
1742641412-1487,"Patent US-D092212, applied in 1934, by Craig R. Sheaffer, W. A. Sheaffer Pen Company. Design for a fountain pen or similar article.",US-D092212,W. A. Sheaffer Pen Company,1487,US-D092212,1934,Craig R. Sheaffer,A. Sheaffer Pen Company. Design for a fountain pen or similar article.
1742641412-1488,"Patent CA-341601, applied in 1932, by Leopold Kutter, Météore - La Plume d'Or, Uneman. Fountain penholder.",CA-341601,Météore - La Plume d'Or,1488,CA-341601,1932,Leopold Kutter,Fountain penholder.
1742641412-1489,"Patent US-RE19167, applied in 1934, by Henry H. Polk Jr., W. A. Sheaffer Pen Company. Fountain pen.",US-RE19167,W. A. Sheaffer Pen Company,1489,US-RE19167,1934,Henry H. Polk Jr.,A. Sheaffer Pen Company. Fountain pen.
1742641412-1490,"Patent GB-410437, applied in 1933, by Kabushiki Kaisha Namiki Seisakusho, Pilot. Improvements in or relating to Reservoir Pens.",GB-410437,Pilot,1490,GB-410437,1933,Kabushiki Kaisha Namiki Seisakusho,Improvements in or relating to Reservoir Pens.
1742641412-1491,"Patent US-1959959, applied in 1929, by Theodor Kovacs, Günther Wagner - Pelikan. Ink phial or filler.",US-1959959,Günther Wagner - Pelikan,1491,US-1959959,1929,Theodor Kovacs,Ink phial or filler.
1742641412-1492,"Patent FR-764523, applied in 1933, Pilot. Perfectionnements aux porte-plume réservoirs.",FR-764523,Pilot,1492,,,,
1742641412-1493,"Patent DE-569824, applied in 1931, by August Leistenschneider, Montblanc. Füllbleistift.",DE-569824,Montblanc,1493,DE-569824,1931,August Leistenschneider,Füllbleistift.
1742641412-1494,"Patent FR-764787, applied in 1933, by Louis Badois, Météore - La Plume d'Or. Perfectionnements aux dispositifs pour le remplissage des porte-plumes à réservoir et objets analogues.",FR-764787,Météore - La Plume d'Or,1494,FR-764787,1933,Louis Badois,Perfectionnements aux dispositifs pour le remplissage des porte-plumes à réservoir et objets analogues.
1742641412-1495,"Patent US-1963261, applied in 1933, by William R. Cuthbert, W. A. Sheaffer Pen Company. Auxiliary well for ink bottles.",US-1963261,W. A. Sheaffer Pen Company,1495,US-1963261,1933,William R. Cuthbert,A. Sheaffer Pen Company. Auxiliary well for ink bottles.
1742641412-1496,"Patent FR-766107, applied in 1933, Pilot. Perfectionnements aux porte-plume à réservoir.",FR-766107,Pilot,1496,,,,
1742641412-1497,"Patent US-1964125, applied in 1932, by Leopold Kutter, Météore - La Plume d'Or, Uneman. Fountain penholder.",US-1964125,Météore - La Plume d'Or,1497,US-1964125,1932,Leopold Kutter,Fountain penholder.
1742641412-1498,"Patent GB-412286, applied in 1932, by William Livsey, Lang - Curzon - Summit. Improvements in or relating to pencils.",GB-412286,Lang - Curzon - Summit,1498,GB-412286,1932,William Livsey,Improvements in or relating to pencils.
1742641412-1499,"Patent BE-403084, applied in 1933, Gimborn. Bouteille ou object analogue avec dispositif de remplissage par le goulot.",BE-403084,Gimborn,1499,,,,
1742641412-1500,"Patent GB-412610, applied in 1932, by Edward S. Wood, Leon H. Ashmore, Esterbrook. Improvements in or relating to fountain pens.",GB-412610,Esterbrook,1500,GB-412610,1932,Edward S. Wood,"Ashmore, Esterbrook. Improvements in or relating to fountain pens."
1742641412-1501,"Patent US-1964821, applied in 1933, by Russel B. Kingman, Camel. Soluble ink fountain pen.",US-1964821,Camel,1501,US-1964821,1933,Russel B. Kingman,Soluble ink fountain pen.
1742641412-1502,"Patent US-1965626, applied in 1934, by Gerald L. Bassett, Conklin Pen Manufacturing Co.. Twisting filler pen.",US-1965626,Conklin Pen Manufacturing Co.,1502,,,,
1742641412-1503,"Patent US-1966369, applied in 1934, by Steven G. Yates, David Kahn, Wearever. Fountain pen.",US-1966369,Wearever,1503,US-1966369,1934,Steven G. Yates,Fountain pen.
1742641412-1504,"Patent US-D092817, applied in 1934, by Charles K. Lovejoy, Moore Pen Company. Design for a pencil clip or similar article.",US-D092817,Moore Pen Company,1504,US-D092817,1934,Charles K. Lovejoy,Design for a pencil clip or similar article.
1742641412-1505,"Patent US-1967580, applied in 1933, by Gabriel Larsen, Waterman. Pump.",US-1967580,Waterman,1505,US-1967580,1933,Gabriel Larsen,Pump.
1742641412-1506,"Patent US-1968567, applied in 1933, by Lucifer J. Most, Swan. Fountain pen.",US-1968567,Swan,1506,US-1968567,1933,Lucifer J. Most,Fountain pen.
1742641412-1507,"Patent GB-414250, applied in 1933, by Andrew Stuart Horn, Unbranded. Improvements in or relating to Writing Points or Nibs.",GB-414250,Unbranded,1507,GB-414250,1933,Andrew Stuart Horn,Improvements in or relating to Writing Points or Nibs.
1742641412-1508,"Patent GB-414929, applied in 1933, by Eric Ernest Samuel Wade, Lang - Curzon - Summit. Improvements in or relating to Fountain or Reservoir Pens.",GB-414929,Lang - Curzon - Summit,1508,GB-414929,1933,Eric Ernest Samuel Wade,Improvements in or relating to Fountain or Reservoir Pens.
1742641412-1509,"Patent US-1972395, applied in 1931, by Galen H. Sayler, The Parker Pen Company. Permanent brilliantly colored writing fluid.",US-1972395,The Parker Pen Company,1509,US-1972395,1931,Galen H. Sayler,Permanent brilliantly colored writing fluid.
1742641412-1510,"Patent GB-416648, applied in 1934, by Mark Sydney Finburgh, Wyvern Fountain Pen Company. Improvements in fountain pens.",GB-416648,Wyvern Fountain Pen Company,1510,GB-416648,1934,Mark Sydney Finburgh,Improvements in fountain pens.
1742641412-1511,"Patent DE-602807, applied in 1932, Montblanc. Graviermaschine für Füllfederhalter u. dgl..",DE-602807,Montblanc,1511,,,,
1742641412-1512,"Patent DE-602919, applied in 1933, Montblanc. Graviermaschine.",DE-602919,Montblanc,1512,,,,
1742641412-1513,"Patent GB-417546, applied in 1933, The Parker Pen Company. Fountain pen.",GB-417546,The Parker Pen Company,1513,,,,
1742641412-1514,"Patent US-1975775, applied in 1932, by Leon H. Ashmore, Esterbrook. Pen and pencil clip.",US-1975775,Esterbrook,1514,US-1975775,1932,Leon H. Ashmore,Pen and pencil clip.
1742641412-1515,"Patent US-1977527, applied in 1934, by Herman Pohle, Unbranded. Four color fountain pen.",US-1977527,Unbranded,1515,US-1977527,1934,Herman Pohle,Four color fountain pen.
1742641412-1516,"Patent US-1978675, applied in 1934, by Russel B. Kingman, Daniel J. Mayer, Camel. Soluble ink fountain pen.",US-1978675,Camel,1516,US-1978675,1934,Russel B. Kingman,"Mayer, Camel. Soluble ink fountain pen."
1742641412-1517,"Patent US-1978676, applied in 1934, by Russel B. Kingman, Camel. Soluble ink fountain pen.",US-1978676,Camel,1517,US-1978676,1934,Russel B. Kingman,Soluble ink fountain pen.
1742641412-1518,"Patent GB-418734, applied in 1934, by David Finburgh, Wyvern Fountain Pen Company. Improvements in or relating to Fountain Pens.",GB-418734,Wyvern Fountain Pen Company,1518,GB-418734,1934,David Finburgh,Improvements in or relating to Fountain Pens.
1742641412-1519,"Patent US-1980159, applied in 1933, by Robert Back, Wahl Eversharp. Writing implement.",US-1980159,Wahl Eversharp,1519,US-1980159,1933,Robert Back,Writing implement.
1742641412-1520,"Patent US-1980508, applied in 1932, by Ivan D. Tefft, The Parker Pen Company. Fountain pen filling device.",US-1980508,The Parker Pen Company,1520,US-1980508,1932,Ivan D. Tefft,Fountain pen filling device.
1742641412-1521,"Patent US-D093807, applied in 1934, by Robert Back, Wahl Eversharp. Design for a desk pen.",US-D093807,Wahl Eversharp,1521,US-D093807,1934,Robert Back,Design for a desk pen.
1742641412-1522,"Patent GB-420064, applied in 1934, by Mark Sydney Finburgh, Wyvern Fountain Pen Company. Improvements in or relating to fountain pens.",GB-420064,Wyvern Fountain Pen Company,1522,GB-420064,1934,Mark Sydney Finburgh,Improvements in or relating to fountain pens.
1742641412-1523,"Patent GB-420164, applied in 1933, by Andrew Stuart Horn, Unbranded. Improvements in or relating to Retaining Means for Fountain Pens, Propelling Pencils, and the like in Garment Pockets.",GB-420164,Unbranded,1523,GB-420164,1933,Andrew Stuart Horn,"Improvements in or relating to Retaining Means for Fountain Pens, Propelling Pencils, and the like in Garment Pockets."
1742641412-1524,"Patent US-1983682, applied in 1934, by Walter A. Sheaffer, W. A. Sheaffer Pen Company. Fountain pen.",US-1983682,W. A. Sheaffer Pen Company,1524,US-1983682,1934,Walter A. Sheaffer,A. Sheaffer Pen Company. Fountain pen.
1742641412-1525,"Patent NL-34348C, applied in 1933, Gimborn. Flesch, ingerich voor het brengen van een kleine hoeveelheid vloeistof naar een hulpruimte.",NL-34348C,Gimborn,1525,,,,
1742641412-1526,"Patent FR-774950, applied in 1933, Paillard. Perfectionnements aux porte-plume à réservoir.",FR-774950,Paillard,1526,,,,
1742641412-1527,"Patent US-1985643, applied in 1934, by Carl Pfanstiehl, The Parker Pen Company. Fountain pen.",US-1985643,The Parker Pen Company,1527,US-1985643,1934,Carl Pfanstiehl,Fountain pen.
1742641412-1528,"Patent US-D094118, applied in 1934, by Seth Chilton Crocker, Chilton. Design for a fountain pen or similar article.",US-D094118,Chilton,1528,US-D094118,1934,Seth Chilton Crocker,Design for a fountain pen or similar article.
1742641412-1529,"Patent US-1986372, applied in 1933, Unbranded. Fountain pen.",US-1986372,Unbranded,1529,,,,
1742641412-1530,"Patent US-1988878, applied in 1933, by Emanuel J. Sonn, Unbranded. Fountain pen.",US-1988878,Unbranded,1530,US-1988878,1933,Emanuel J. Sonn,Fountain pen.
1742641412-1531,"Patent US-D094375, applied in 1934, by Robert Back, Wahl Eversharp. Design for a fountain pen.",US-D094375,Wahl Eversharp,1531,US-D094375,1934,Robert Back,Design for a fountain pen.
1742641412-1532,"Patent US-1989220, applied in 1934, by Norman E. Weigel, Wearever. Fountain pen.",US-1989220,Wearever,1532,US-1989220,1934,Norman E. Weigel,Fountain pen.
1742641412-1533,"Patent US-1989351, applied in 1934, by Lucius A. Crowell, The Parker Pen Company. Fountain pen and other marking means.",US-1989351,The Parker Pen Company,1533,US-1989351,1934,Lucius A. Crowell,Fountain pen and other marking means.
1742641412-1534,"Patent US-1989990, applied in 1933, by Charles R. Keeran, Wahl Eversharp. Fountain pen.",US-1989990,Wahl Eversharp,1534,US-1989990,1933,Charles R. Keeran,Fountain pen.
1742641412-1535,"Patent US-1990441, applied in 1933, by Albert H. Stenersen, Wahl Eversharp. Fountain pen.",US-1990441,Wahl Eversharp,1535,US-1990441,1933,Albert H. Stenersen,Fountain pen.
1742641412-1536,"Patent GB-424069, applied in 1933, by James Jeff, Conway Stewart. Improvements in or relating to mechanically operated lead pencils.",GB-424069,Conway Stewart,1536,GB-424069,1933,James Jeff,Improvements in or relating to mechanically operated lead pencils.
1742641412-1537,"Patent DE-610352, applied in 1932, Montblanc. Einrichtung für Tintenbehälter, insbesondere Selbstfüller-Tintenbehälter, zum Füllen von Selbstfüllhaltern.",DE-610352,Montblanc,1537,,,,
1742641412-1538,"Patent US-D094983, applied in 1934, by Louis Morrison, Morrison. Design for a fountain pen or similar article.",US-D094983,Morrison,1538,US-D094983,1934,Louis Morrison,Design for a fountain pen or similar article.
1742641412-1539,"Patent US-RE19530, applied in 1935, by Walter A. Sheaffer, W. A. Sheaffer Pen Company. Fountain pen.",US-RE19530,W. A. Sheaffer Pen Company,1539,US-RE19530,1935,Walter A. Sheaffer,A. Sheaffer Pen Company. Fountain pen.
1742641412-1540,"Patent US-1998930, applied in 1934, by Russel B. Kingman, Camel. Soluble ink fountain pen.",US-1998930,Camel,1540,US-1998930,1934,Russel B. Kingman,Soluble ink fountain pen.
1742641412-1541,"Patent US-1999177, applied in 1933, by Leon H. Ashmore, Esterbrook. Fountain pen.",US-1999177,Esterbrook,1541,US-1999177,1933,Leon H. Ashmore,Fountain pen.
1742641412-1542,"Patent US-1999966, applied in 1933, by José Andrés y Hernandez, Unbranded. Pencil clip.",US-1999966,Unbranded,1542,US-1999966,1933,José Andrés y Hernandez,Pencil clip.
1742641412-1543,"Patent US-2002092, applied in 1934, by Louis H. Juster, Waterman. Inkwell.",US-2002092,Waterman,1543,US-2002092,1934,Louis H. Juster,Inkwell.
1742641412-1544,"Patent US-2003479, applied in 1934, by Herbert L. Carman, Swan. Fountain pen.",US-2003479,Swan,1544,US-2003479,1934,Herbert L. Carman,Fountain pen.
1742641412-1545,"Patent US-D095882, applied in 1934, by Norman E. Weigel, Wearever. Design for a fountain pen nib.",US-D095882,Wearever,1545,US-D095882,1934,Norman E. Weigel,Design for a fountain pen nib.
1742641412-1546,"Patent US-2004641, applied in 1934, by Roger Blomley Watson, Waterman. Fountain pen.",US-2004641,Waterman,1546,US-2004641,1934,Roger Blomley Watson,Fountain pen.
1742641412-1547,"Patent US-D095938, applied in 1935, by Milford G. Sypher, Chilton. Design for a fountain pen clip or similar article.",US-D095938,Chilton,1547,US-D095938,1935,Milford G. Sypher,Design for a fountain pen clip or similar article.
1742641412-1548,"Patent US-D096022, applied in 1935, by William R. Cuthbert, W. A. Sheaffer Pen Company. Design for a pencil.",US-D096022,W. A. Sheaffer Pen Company,1548,US-D096022,1935,William R. Cuthbert,A. Sheaffer Pen Company. Design for a pencil.
1742641412-1549,"Patent US-D096023, applied in 1935, by William R. Cuthbert, W. A. Sheaffer Pen Company. Design for a fountain pen.",US-D096023,W. A. Sheaffer Pen Company,1549,US-D096023,1935,William R. Cuthbert,A. Sheaffer Pen Company. Design for a fountain pen.
1742641412-1550,"Patent US-D095860, applied in 1935, by Max M. Neuhoff, Unbranded. Design for a pen point.",US-D095860,Unbranded,1550,US-D095860,1935,Max M. Neuhoff,Design for a pen point.
1742641412-1551,"Patent US-2007576, applied in 1934, by Charles K. Lovejoy, Moore Pen Company. Fountain-pen.",US-2007576,Moore Pen Company,1551,US-2007576,1934,Charles K. Lovejoy,Fountain-pen.
1742641412-1552,"Patent GB-432142, applied in 1933, Gimborn. Means for filling the necks of bottles.",GB-432142,Gimborn,1552,,,,
1742641412-1553,"Patent FR-784223, applied in 1934, by Leopold Kutter, Météore - La Plume d'Or, Uneman. Porte-plume-réservoir.",FR-784223,Météore - La Plume d'Or,1553,FR-784223,1934,Leopold Kutter,Porte-plume-réservoir.
1742641412-1554,"Patent US-2009182, applied in 1931, by Julius Kahn, Wearever. Mechanical pencil.",US-2009182,Wearever,1554,US-2009182,1931,Julius Kahn,Mechanical pencil.
1742641412-1555,"Patent DE-616460, applied in 1933, Fabbrica Italiana Penne a Serbatoio Aurora. Füllfederhalter mit Klappdeckel.",DE-616460,Fabbrica Italiana Penne a Serbatoio Aurora,1555,,,,
1742641412-1556,"Patent US-2011040, applied in 1935, by William R. Cuthbert, W. A. Sheaffer Pen Company. Fountain pen desk set.",US-2011040,W. A. Sheaffer Pen Company,1556,US-2011040,1935,William R. Cuthbert,A. Sheaffer Pen Company. Fountain pen desk set.
1742641412-1557,"Patent US-2011222, applied in 1934, by Russel B. Kingman, Camel. Soluble ink fountain pen.",US-2011222,Camel,1557,US-2011222,1934,Russel B. Kingman,Soluble ink fountain pen.
1742641412-1558,"Patent US-2011516, applied in 1933, by Hugo A. Funk, Unbranded. Fountain pen.",US-2011516,Unbranded,1558,US-2011516,1933,Hugo A. Funk,Fountain pen.
1742641412-1559,"Patent FR-786080, applied in 1935, Edacoto. Perfectionnements aux porte-mines automatiques.",FR-786080,Edacoto,1559,,,,
1742641412-1560,"Patent US-2012722, applied in 1934, by Henry Krause, Chilton. Fountain pen.",US-2012722,Chilton,1560,US-2012722,1934,Henry Krause,Fountain pen.
1742641412-1561,"Patent BE-410533, applied in 1934, by Mark Sydney Finburgh, Wyvern Fountain Pen Company. Perfectionnements aux porte-plumes réservoirs.",BE-410533,Wyvern Fountain Pen Company,1561,BE-410533,1934,Mark Sydney Finburgh,Perfectionnements aux porte-plumes réservoirs.
1742641412-1562,"Patent US-2014150, applied in 1931, by Albert H. Stenersen, Wahl Eversharp. Apparatus for molding objects of pyralin and other material that is plastic when heated.",US-2014150,Wahl Eversharp,1562,US-2014150,1931,Albert H. Stenersen,Apparatus for molding objects of pyralin and other material that is plastic when heated.
1742641412-1563,"Patent GB-435065, applied in 1934, by Andrew Stuart Horn, Unbranded. Improvements in or relating to Fountain or Reservoir Pens.",GB-435065,Unbranded,1563,GB-435065,1934,Andrew Stuart Horn,Improvements in or relating to Fountain or Reservoir Pens.
1742641412-1564,"Patent US-D096888, applied in 1935, by Andreas Bienenstein, Conklin Pen Manufacturing Co.. Design for a fountain pen or similar writing implement.",US-D096888,Conklin Pen Manufacturing Co.,1564,,,,
1742641412-1565,"Patent US-D096889, applied in 1935, by Andreas Bienenstein, Conklin Pen Manufacturing Co.. Design for a fountain pen or similar writing implement.",US-D096889,Conklin Pen Manufacturing Co.,1565,,,,
1742641412-1566,"Patent US-D096890, applied in 1935, by Andreas Bienenstein, Conklin Pen Manufacturing Co.. Design for a fountain pen or similar writing implement.",US-D096890,Conklin Pen Manufacturing Co.,1566,,,,
1742641412-1567,"Patent US-D096891, applied in 1935, by Andreas Bienenstein, Conklin Pen Manufacturing Co.. Design for a fountain pen or similar writing implement.",US-D096891,Conklin Pen Manufacturing Co.,1567,,,,
1742641412-1568,"Patent US-D096892, applied in 1935, by Andreas Bienenstein, Conklin Pen Manufacturing Co.. Design for a fountain pen or similar writing implement.",US-D096892,Conklin Pen Manufacturing Co.,1568,,,,
1742641412-1569,"Patent US-D096914, applied in 1935, by John Hill, Waterman. Design for a fountain pen.",US-D096914,Waterman,1569,US-D096914,1935,John Hill,Design for a fountain pen.
1742641412-1570,"Patent GB-435482, applied in 1934, by Edward Stephen Sears, Swan. Improvements in or relating to Fountain Pens.",GB-435482,Swan,1570,GB-435482,1934,Edward Stephen Sears,Improvements in or relating to Fountain Pens.
1742641412-1571,"Patent US-2016106, applied in 1932, by Arthur O. Dahlberg, The Parker Pen Company. Fountain pen.",US-2016106,The Parker Pen Company,1571,US-2016106,1932,Arthur O. Dahlberg,Fountain pen.
1742641412-1572,"Patent US-2017109, applied in 1932, by Milford G. Sypher, Chilton. Fountain pen.",US-2017109,Chilton,1572,US-2017109,1932,Milford G. Sypher,Fountain pen.
1742641412-1573,"Patent US-2017110, applied in 1932, by Henry J. Upton, Chilton. Fountain pen.",US-2017110,Chilton,1573,US-2017110,1932,Henry J. Upton,Fountain pen.
1742641412-1574,"Patent US-D097174, applied in 1935, by Andreas Bienenstein, Conklin Pen Manufacturing Co.. Design for a fountain pen or similar writing implement.",US-D097174,Conklin Pen Manufacturing Co.,1574,,,,
1742641412-1575,"Patent US-2019734, applied in 1934, by Salomon M. Sager, Sager. Fountain pen.",US-2019734,Sager,1575,US-2019734,1934,Salomon M. Sager,Fountain pen.
1742641412-1576,"Patent AT-143783, applied in 1934, Météore - La Plume d'Or, Uneman. Fullfederhalter.",AT-143783,Météore - La Plume d'Or,1576,,,,
1742641412-1577,"Patent US-2022416, applied in 1935, by Benjamin W. Hanle, Eagle. Clip.",US-2022416,Eagle,1577,US-2022416,1935,Benjamin W. Hanle,Clip.
1742641412-1578,"Patent GB-439182, applied in 1934, by Arthur E. Andrews, Henry S. Bailey, Mentmore. Improvements in or relating to self-filling fountain pens.",GB-439182,Mentmore,1578,GB-439182,1934,Arthur E. Andrews,"Bailey, Mentmore. Improvements in or relating to self-filling fountain pens."
1742641412-1579,"Patent US-D097681, applied in 1935, by Gabriel Larsen, Waterman. Design for an ink bottle.",US-D097681,Waterman,1579,US-D097681,1935,Gabriel Larsen,Design for an ink bottle.
1742641412-1580,"Patent US-2024229, applied in 1935, by Russel B. Kingman, Camel. Soluble ink fountain pen.",US-2024229,Camel,1580,US-2024229,1935,Russel B. Kingman,Soluble ink fountain pen.
1742641412-1581,"Patent US-2025110, applied in 1934, by Russel B. Kingman, Camel. Soluble ink fountain pen.",US-2025110,Camel,1581,US-2025110,1934,Russel B. Kingman,Soluble ink fountain pen.
1742641412-1582,"Patent IT-342950, applied in 2025, Officine Meccaniche Armando Simoni. Titolo ignoto.",IT-342950,Officine Meccaniche Armando Simoni,1582,,,,
1742641412-1583,"Patent FR-792631, applied in 1934, by Mark Sydney Finburgh, Wyvern Fountain Pen Company. Perfectionnements aux porte-plumes réservoirs.",FR-792631,Wyvern Fountain Pen Company,1583,FR-792631,1934,Mark Sydney Finburgh,Perfectionnements aux porte-plumes réservoirs.
1742641412-1584,"Patent US-D098255, applied in 1935, by David Kahn, Wearever. Design for a fountain pen and pencil clip.",US-D098255,Wearever,1584,US-D098255,1935,David Kahn,Design for a fountain pen and pencil clip.
1742641412-1585,"Patent US-2028855, applied in 1934, by Arthur Winter, Hicks, Dictator. Mechanical pencil.",US-2028855,Hicks,1585,US-2028855,1934,Arthur Winter,Mechanical pencil.
1742641412-1586,"Patent GB-442262, applied in 1935, by William Livsey, Stephens, Lang - Curzon - Summit. Improvements in and relating to Fountain Pens.",GB-442262,Stephens,1586,GB-442262,1935,William Livsey,Improvements in and relating to Fountain Pens.
1742641412-1587,"Patent US-2030452, applied in 1935, by Russel B. Kingman, Camel. Soluble ink fountain pen.",US-2030452,Camel,1587,US-2030452,1935,Russel B. Kingman,Soluble ink fountain pen.
1742641412-1588,"Patent US-D098560, applied in 1935, by Arthur Winter, Dictator. Design for a pen or similar article.",US-D098560,Dictator,1588,US-D098560,1935,Arthur Winter,Design for a pen or similar article.
1742641412-1589,"Patent DE-625889, applied in 1935, Kaweco. Tintenleiter fuer Fuellfederhalter.",DE-625889,Kaweco,1589,,,,
1742641412-1590,"Patent US-2031343, applied in 1934, by Ivan D. Tefft, The Parker Pen Company. Fountain pen.",US-2031343,The Parker Pen Company,1590,US-2031343,1934,Ivan D. Tefft,Fountain pen.
1742641412-1591,"Patent FR-795155, applied in 1935, Paillard. Porte-plume réservoir.",FR-795155,Paillard,1591,,,,
1742641412-1592,"Patent US-2033164, applied in 1935, by George S. Walter, Unbranded. Writing pen.",US-2033164,Unbranded,1592,US-2033164,1935,George S. Walter,Writing pen.
1742641412-1593,"Patent US-D098958, applied in 1935, by Theodore J. Piazzoli, Waterman. Bottle or similar article.",US-D098958,Waterman,1593,US-D098958,1935,Theodore J. Piazzoli,Bottle or similar article.
1742641412-1594,"Patent US-2035225, applied in 1935, by Harry Esterow, Ideal Metal Products. Pencil.",US-2035225,Ideal Metal Products,1594,US-2035225,1935,Harry Esterow,Pencil.
1742641412-1595,"Patent US-2035278, applied in 1934, by Salomon M. Sager, Sager. Fountain pen.",US-2035278,Sager,1595,US-2035278,1934,Salomon M. Sager,Fountain pen.
1742641412-1596,"Patent US-2035372, applied in 1934, by David F. Mohns, The Parker Pen Company. Fountain pen.",US-2035372,The Parker Pen Company,1596,US-2035372,1934,David F. Mohns,Fountain pen.
1742641412-1597,"Patent US-2035378, applied in 1934, by Galen H. Sayler, The Parker Pen Company. Fountain pen.",US-2035378,The Parker Pen Company,1597,US-2035378,1934,Galen H. Sayler,Fountain pen.
1742641412-1598,"Patent US-D099183, applied in 1934, by William Bowker, Rene P. Piperoux, Unbranded. Fountain pen.",US-D099183,Unbranded,1598,US-D099183,1934,William Bowker,"Piperoux, Unbranded. Fountain pen."
1742641412-1599,"Patent US-D099218, applied in 1935, by Craig R. Sheaffer, W. A. Sheaffer Pen Company. Design for a fountain pen or similar article.",US-D099218,W. A. Sheaffer Pen Company,1599,US-D099218,1935,Craig R. Sheaffer,A. Sheaffer Pen Company. Design for a fountain pen or similar article.
1742641412-1600,"Patent US-2037177, applied in 1934, by Nathan W. Paquette, The Parker Pen Company. Fountain pen.",US-2037177,The Parker Pen Company,1600,US-2037177,1934,Nathan W. Paquette,Fountain pen.
1742641412-1601,"Patent US-D099262, applied in 1935, by Andreas Bienenstein, Conklin Pen Manufacturing Co.. Design for a clip for a fountain pen or the like.",US-D099262,Conklin Pen Manufacturing Co.,1601,,,,
1742641412-1602,"Patent GB-445752, applied in 1934, by Leopold Kutter, Météore - La Plume d'Or, Uneman. Improvements in and relating to Fountain Pens.",GB-445752,Météore - La Plume d'Or,1602,GB-445752,1934,Leopold Kutter,Improvements in and relating to Fountain Pens.
1742641412-1603,"Patent US-2037699, applied in 1934, by Leon H. Ashmore, Esterbrook. Pen and method of making the same.",US-2037699,Esterbrook,1603,US-2037699,1934,Leon H. Ashmore,Pen and method of making the same.
1742641412-1604,"Patent US-2040999, applied in 1935, by Lloyd A. Kelley, Conklin Pen Manufacturing Co.. Fountain pen.",US-2040999,Conklin Pen Manufacturing Co.,1604,,,,
1742641412-1605,"Patent FR-799290, applied in 1935, by Robert Jean Jacques Hallauer, Edacoto. Perfectionnements aux porte-mines à mines interchangeables.",FR-799290,Edacoto,1605,FR-799290,1935,Robert Jean Jacques Hallauer,Perfectionnements aux porte-mines à mines interchangeables.
1742641412-1606,"Patent CA-358526, applied in 1935, by William Bain Dilly, Eclipse. Fountain pen feed.",CA-358526,Eclipse,1606,CA-358526,1935,William Bain Dilly,Fountain pen feed.
1742641412-1607,"Patent FR-800256, applied in 1935, JiF. Encrier perfectionné.",FR-800256,JiF,1607,,,,
1742641412-1608,"Patent GB-450343, applied in 1935, by Kabushiki Kaisha Namiki Seisakusho, Pilot. Improvements in or relating to Reservoir Pens.",GB-450343,Pilot,1608,GB-450343,1935,Kabushiki Kaisha Namiki Seisakusho,Improvements in or relating to Reservoir Pens.
1742641412-1609,"Patent US-2048127, applied in 1935, by Gabriel Larsen, Waterman. Fountain pen cap and clip.",US-2048127,Waterman,1609,US-2048127,1935,Gabriel Larsen,Fountain pen cap and clip.
1742641412-1610,"Patent GB-451167, applied in 1935, by Heinrich Hebborn, Heinrich Schlicksupp, Luxor. Improvements in or relating to fountain pens.",GB-451167,Luxor,1610,GB-451167,1935,Heinrich Hebborn,Improvements in or relating to fountain pens.
1742641412-1611,"Patent GB-451168, applied in 1935, by Heinrich Hebborn, Heinrich Schlicksupp, Luxor. Improvements in or relating to fountain pens.",GB-451168,Luxor,1611,GB-451168,1935,Heinrich Hebborn,Improvements in or relating to fountain pens.
1742641412-1612,"Patent US-2051337, applied in 1933, by Andrew Stuart Horn, Unbranded. Improvements in or relating to Writing Points or Nibs.",US-2051337,Unbranded,1612,US-2051337,1933,Andrew Stuart Horn,Improvements in or relating to Writing Points or Nibs.
1742641412-1613,"Patent DE-634140, applied in 1933, by Ernst Rösler, Montblanc. Füllvorrichtung, insbesondere zum Füllen von Füllfederhaltern.",DE-634140,Montblanc,1613,DE-634140,1933,Ernst Rösler,"Füllvorrichtung, insbesondere zum Füllen von Füllfederhaltern."
1742641412-1614,"Patent US-D100962, applied in 1935, by Edward F. Molyneux, Chilton. Design for a fountain pen or similar article.",US-D100962,Chilton,1614,US-D100962,1935,Edward F. Molyneux,Design for a fountain pen or similar article.
1742641412-1615,"Patent US-D100963, applied in 1935, by Edward F. Molyneux, Chilton. Design for a fountain pen or similar article.",US-D100963,Chilton,1615,US-D100963,1935,Edward F. Molyneux,Design for a fountain pen or similar article.
1742641412-1616,"Patent US-D100964, applied in 1935, by Edward F. Molyneux, Chilton. Design for a fountain pen or similar article.",US-D100964,Chilton,1616,US-D100964,1935,Edward F. Molyneux,Design for a fountain pen or similar article.
1742641412-1617,"Patent US-D100965, applied in 1935, by Edward F. Molyneux, Chilton. Design for a fountain pen or similar article.",US-D100965,Chilton,1617,US-D100965,1935,Edward F. Molyneux,Design for a fountain pen or similar article.
1742641412-1618,"Patent US-D100966, applied in 1935, by Edward F. Molyneux, Chilton. Design for a fountain pen or similar article.",US-D100966,Chilton,1618,US-D100966,1935,Edward F. Molyneux,Design for a fountain pen or similar article.
1742641412-1619,"Patent US-D100967, applied in 1935, by Edward F. Molyneux, Chilton. Design for a fountain pen or similar article.",US-D100967,Chilton,1619,US-D100967,1935,Edward F. Molyneux,Design for a fountain pen or similar article.
1742641412-1620,"Patent US-D100968, applied in 1935, by Edward F. Molyneux, Chilton. Design for a fountain pen or similar article.",US-D100968,Chilton,1620,US-D100968,1935,Edward F. Molyneux,Design for a fountain pen or similar article.
1742641412-1621,"Patent US-D100969, applied in 1935, by Edward F. Molyneux, Chilton. Design for a fountain pen or similar article.",US-D100969,Chilton,1621,US-D100969,1935,Edward F. Molyneux,Design for a fountain pen or similar article.
1742641412-1622,"Patent US-D100970, applied in 1936, by Milford G. Sypher, Chilton. Design for a fountain pen or similar article.",US-D100970,Chilton,1622,US-D100970,1936,Milford G. Sypher,Design for a fountain pen or similar article.
1742641412-1623,"Patent US-D101042, applied in 1936, by David Kahn, Wearever. Design for a fountain pen and pencil clip.",US-D101042,Wearever,1623,US-D101042,1936,David Kahn,Design for a fountain pen and pencil clip.
1742641412-1624,"Patent FR-802455, applied in 1936, Edacoto. Perfectionnements aux porte-mines automatiques.",FR-802455,Edacoto,1624,,,,
1742641412-1625,"Patent GB-454040, applied in 1935, by Andrew Stuart Horn, Unbranded. Improvements in or relating to Fountain or Reservoir Pens.",GB-454040,Unbranded,1625,GB-454040,1935,Andrew Stuart Horn,Improvements in or relating to Fountain or Reservoir Pens.
1742641412-1626,"Patent US-2056055, applied in 1934, by Edward Stephen Sears, Swan. Self filling fountain pen.",US-2056055,Swan,1626,US-2056055,1934,Edward Stephen Sears,Self filling fountain pen.
1742641412-1627,"Patent CH-186582, applied in 1934, Météore - La Plume d'Or, Uneman. Fullfederhalter.",CH-186582,Météore - La Plume d'Or,1627,,,,
1742641412-1628,"Patent US-2059577, applied in 1934, by Benjamin W. Hanle, Eagle. Fountain pen.",US-2059577,Eagle,1628,US-2059577,1934,Benjamin W. Hanle,Fountain pen.
1742641412-1629,"Patent DE-638176, applied in 1935, Mars Staedtler. Kolben für Füllfederhalter.",DE-638176,Mars Staedtler,1629,,,,
1742641412-1630,"Patent US-2061405, applied in 1936, by Russel B. Kingman, Ralf L. Hartwell, Camel. Soluble ink fountain pen.",US-2061405,Camel,1630,US-2061405,1936,Russel B. Kingman,"Hartwell, Camel. Soluble ink fountain pen."
1742641412-1631,"Patent GB-456888, applied in 1936, by Alec Finburgh et al, Wyvern Fountain Pen Company. Improvements in pens, pencils, and similar writing instruments.",GB-456888,Wyvern Fountain Pen Company,1631,GB-456888,1936,Alec Finburgh et al,"Improvements in pens, pencils, and similar writing instruments."
1742641412-1632,"Patent GB-457212, applied in 1935, by William F. Johnson, Mentmore. Improvements in or relating to self-filling fountain pens.",GB-457212,Mentmore,1632,GB-457212,1935,William F. Johnson,Improvements in or relating to self-filling fountain pens.
1742641412-1633,"Patent FR-805654, applied in 1935, by Charles Abel, Unbranded. Attache à levier mobile pour stylographes et objets analogues.",FR-805654,Unbranded,1633,FR-805654,1935,Charles Abel,Attache à levier mobile pour stylographes et objets analogues.
1742641412-1634,"Patent DE-639697, applied in 1935, Mars Staedtler. Kolben für Füllfederhalter.",DE-639697,Mars Staedtler,1634,,,,
1742641412-1635,"Patent FR-807275, applied in 1935, by Kurt Fend, Fend. Porte-mines multiple.",FR-807275,Fend,1635,FR-807275,1935,Kurt Fend,Porte-mines multiple.
1742641412-1636,"Patent US-D102720, applied in 1936, by Gabriel Larsen, Waterman. Design for a fountain pen.",US-D102720,Waterman,1636,US-D102720,1936,Gabriel Larsen,Design for a fountain pen.
1742641412-1637,"Patent US-2068419, applied in 1936, by Gabriel Larsen, Waterman. Fountain pen.",US-2068419,Waterman,1637,US-2068419,1936,Gabriel Larsen,Fountain pen.
1742641412-1638,"Patent FR-807679, applied in 1935, by Vaclav Klimes, Paul Eisner, Unbranded. Perfectionnement aux stylos genre plumes-réservoirs.",FR-807679,Unbranded,1638,FR-807679,1935,Vaclav Klimes,Perfectionnement aux stylos genre plumes-réservoirs.
1742641412-1639,"Patent DE-641120, applied in 1933, by Ernst Rösler, Montblanc. Füllfederhalter.",DE-641120,Montblanc,1639,DE-641120,1933,Ernst Rösler,Füllfederhalter.
1742641412-1640,"Patent DE-641585, applied in 1933, by Adolf Bargeboer, Gimborn. Tintenflasche, insbesondere zum Füllen von Füllfederhaltern.",DE-641585,Gimborn,1640,DE-641585,1933,Adolf Bargeboer,"Tintenflasche, insbesondere zum Füllen von Füllfederhaltern."
1742641412-1641,"Patent US-2070461, applied in 1935, by Asahi Watanabe, Pilot. Piston fountain pen.",US-2070461,Pilot,1641,US-2070461,1935,Asahi Watanabe,Piston fountain pen.
1742641412-1642,"Patent US-D102799, applied in 1936, by Kenneth S. Parker, The Parker Pen Company. Design for a fountain pen or other writing implement.",US-D102799,The Parker Pen Company,1642,US-D102799,1936,Kenneth S. Parker,Design for a fountain pen or other writing implement.
1742641412-1643,"Patent US-D102800, applied in 1936, by Kenneth S. Parker, The Parker Pen Company. Design for a fountain pen or other writing implement.",US-D102800,The Parker Pen Company,1643,US-D102800,1936,Kenneth S. Parker,Design for a fountain pen or other writing implement.
1742641412-1644,"Patent US-D102801, applied in 1936, by Kenneth S. Parker, The Parker Pen Company. Design for a fountain pen or other writing implement.",US-D102801,The Parker Pen Company,1644,US-D102801,1936,Kenneth S. Parker,Design for a fountain pen or other writing implement.
1742641412-1645,"Patent US-2072711, applied in 1935, by William R. Cuthbert, William H. Lindemon, W. A. Sheaffer Pen Company. Mechanical pencil.",US-2072711,W. A. Sheaffer Pen Company,1645,US-2072711,1935,William R. Cuthbert,"Lindemon, W. A. Sheaffer Pen Company. Mechanical pencil."
1742641412-1646,"Patent US-D103402, applied in 1936, by Alfonso Iannelli, Wahl Eversharp. Design for a pencil or similar article.",US-D103402,Wahl Eversharp,1646,US-D103402,1936,Alfonso Iannelli,Design for a pencil or similar article.
1742641412-1647,"Patent US-D103403, applied in 1936, by Alfonso Iannelli, Wahl Eversharp. Design for a pencil or similar article.",US-D103403,Wahl Eversharp,1647,US-D103403,1936,Alfonso Iannelli,Design for a pencil or similar article.
1742641412-1648,"Patent US-2075725, applied in 1935, by David Kahn, Wearever. Writing instrument.",US-2075725,Wearever,1648,US-2075725,1935,David Kahn,Writing instrument.
1742641412-1649,"Patent US-D103813, applied in 1937, by Harry Esterow, Ideal Metal Products. Design for a fountain pen clip or similar article.",US-D103813,Ideal Metal Products,1649,US-D103813,1937,Harry Esterow,Design for a fountain pen clip or similar article.
1742641412-1650,"Patent US-2075828, applied in 1935, by Archie D. Robinson, Unbranded. Pen.",US-2075828,Unbranded,1650,US-2075828,1935,Archie D. Robinson,Pen.
1742641412-1651,"Patent DE-643438, applied in 1936, by Gregor Miltner, Osmia. Füllfederhalter mit einem zusammendrückbaren Tintensack und einem elastischen Luftausstossrohr.",DE-643438,Osmia,1651,DE-643438,1936,Gregor Miltner,Füllfederhalter mit einem zusammendrückbaren Tintensack und einem elastischen Luftausstossrohr.
1742641412-1652,"Patent US-2076796, applied in 1931, by Gerald L. Bassett et al, Conklin Pen Manufacturing Co.. Process for molding thermoplastic materials and product thereof.",US-2076796,Conklin Pen Manufacturing Co.,1652,,,,
1742641412-1653,"Patent US-2076997, applied in 1935, by William Livsey, Stephens, Lang - Curzon - Summit. Fountain pen.",US-2076997,Stephens,1653,US-2076997,1935,William Livsey,Fountain pen.
1742641412-1654,"Patent FR-811398, applied in 1935, Paillard. Flacon pour encre de chine et autres liquides.",FR-811398,Paillard,1654,,,,
1742641412-1655,"Patent DK-52984, applied in 1936, by Johannes Iversen, Miller Pen Co.. Fyldepen.",DK-52984,Miller Pen Co.,1655,,,,
1742641412-1656,"Patent US-2078083, applied in 1935, by Gabriel Larsen, Waterman. Fountain pen barrel.",US-2078083,Waterman,1656,US-2078083,1935,Gabriel Larsen,Fountain pen barrel.
1742641412-1657,"Patent US-2078433, applied in 1935, by Arthur Winter, Dictator. Lead feeding pencil.",US-2078433,Dictator,1657,US-2078433,1935,Arthur Winter,Lead feeding pencil.
1742641412-1658,"Patent US-D104263, applied in 1937, by George C. Holt, W. A. Sheaffer Pen Company. Design for a fountain pen.",US-D104263,W. A. Sheaffer Pen Company,1658,US-D104263,1937,George C. Holt,A. Sheaffer Pen Company. Design for a fountain pen.
1742641412-1659,"Patent US-2080372, applied in 1934, by Konrad Kressel, Montblanc. Tip for propelling pencils.",US-2080372,Montblanc,1659,US-2080372,1934,Konrad Kressel,Tip for propelling pencils.
1742641412-1660,"Patent FR-812667, applied in 1936, Stylomine. Perfectionnement aux porte-mine à plusieurs mines.",FR-812667,Stylomine,1660,,,,
1742641412-1661,"Patent FR-812666, applied in 1936, Stylomine. Nouveau porte-mine à plusieurs mines.",FR-812666,Stylomine,1661,,,,
1742641412-1662,"Patent GB-466012, applied in 1936, by Johannes Iversen, Miller Pen Co.. Improved fountain pen.",GB-466012,Miller Pen Co.,1662,,,,
1742641412-1663,"Patent DE-645085, applied in 1934, by Mark Sydney Finburgh, Wyvern Fountain Pen Company. Fuellfederhalter mit einer den Tintenleiter durch huelsenartig gebogene Lappen umgreifenden Feder.",DE-645085,Wyvern Fountain Pen Company,1663,DE-645085,1934,Mark Sydney Finburgh,Fuellfederhalter mit einer den Tintenleiter durch huelsenartig gebogene Lappen umgreifenden Feder.
1742641412-1664,"Patent US-2081538, applied in 1934, by Fred J. Hoarle, W. A. Sheaffer Pen Company. Decorative artificial product.",US-2081538,W. A. Sheaffer Pen Company,1664,US-2081538,1934,Fred J. Hoarle,A. Sheaffer Pen Company. Decorative artificial product.
1742641412-1665,"Patent CA-366351, applied in 1934, by Leopold Kutter, Météore - La Plume d'Or, Uneman. Fullfederhalter.",CA-366351,Météore - La Plume d'Or,1665,CA-366351,1934,Leopold Kutter,Fullfederhalter.
1742641412-1666,"Patent US-D104686, applied in 1936, by Alfonso Iannelli, Wahl Eversharp. Design for a clip for writing implement or the like.",US-D104686,Wahl Eversharp,1666,US-D104686,1936,Alfonso Iannelli,Design for a clip for writing implement or the like.
1742641412-1667,"Patent US-D104687, applied in 1937, by Alfonso Iannelli, Wahl Eversharp. Design for a clip for writing implement or the like.",US-D104687,Wahl Eversharp,1667,US-D104687,1937,Alfonso Iannelli,Design for a clip for writing implement or the like.
1742641412-1668,"Patent AT-149872, applied in 1935, Luxor. Füllfederhalter mit durch Schraubengetriebe bewegtem Saugkolben.",AT-149872,Luxor,1668,,,,
1742641412-1669,"Patent FR-814135, applied in 1936, by Robert Jean Jacques Hallauer, Edacoto. Perfectionnements aux porte-plume réservoirs à ampoules d'encre amovibles.",FR-814135,Edacoto,1669,FR-814135,1936,Robert Jean Jacques Hallauer,Perfectionnements aux porte-plume réservoirs à ampoules d'encre amovibles.
1742641412-1670,"Patent US-D105022, applied in 1936, by Gabriel Larsen, Waterman. Design for a fountain pen.",US-D105022,Waterman,1670,US-D105022,1936,Gabriel Larsen,Design for a fountain pen.
1742641412-1671,"Patent US-D105150, applied in 1937, by Milford G. Sypher, Chilton. Design for a fountain pen or similar article.",US-D105150,Chilton,1671,US-D105150,1937,Milford G. Sypher,Design for a fountain pen or similar article.
1742641412-1672,"Patent US-2087672, applied in 1935, by Gabriel Larsen, Henry N. Briechle, Waterman. Fountain pen.",US-2087672,Waterman,1672,US-2087672,1935,Gabriel Larsen,"Briechle, Waterman. Fountain pen."
1742641412-1673,"Patent GB-469484, applied in 1936, by Henry Frederick Charles Burnham, Henry Charles William Burnham, Burnham. Improvements in fountain pens.",GB-469484,Burnham,1673,GB-469484,1936,Henry Frederick Charles Burnham,Improvements in fountain pens.
1742641412-1674,"Patent GB-469496, applied in 1936, by William Livsey, Stephens, Lang - Curzon - Summit. Improvements in and relating to Fountain Pens.",GB-469496,Stephens,1674,GB-469496,1936,William Livsey,Improvements in and relating to Fountain Pens.
1742641412-1675,"Patent GB-469699, applied in 1936, by Eric Ernest Samuel Wade, Lang - Curzon - Summit. Improvements in and relating to Fountain Pens.",GB-469699,Lang - Curzon - Summit,1675,GB-469699,1936,Eric Ernest Samuel Wade,Improvements in and relating to Fountain Pens.
1742641412-1676,"Patent US-2089449, applied in 1935, by Milford G. Sypher, Chilton. Pen.",US-2089449,Chilton,1676,US-2089449,1935,Milford G. Sypher,Pen.
1742641412-1677,"Patent FR-816837, applied in 1936, Paillard. Tube-remplisseur pour encre de chine ou autres liquides.",FR-816837,Paillard,1677,,,,
1742641412-1678,"Patent US-2091648, applied in 1936, by Wilbur K. Olson, W. A. Sheaffer Pen Company. Fountain pen.",US-2091648,W. A. Sheaffer Pen Company,1678,US-2091648,1936,Wilbur K. Olson,A. Sheaffer Pen Company. Fountain pen.
1742641412-1679,"Patent US-2091649, applied in 1936, by Wilbur K. Olson, W. A. Sheaffer Pen Company. Fountain pen.",US-2091649,W. A. Sheaffer Pen Company,1679,US-2091649,1936,Wilbur K. Olson,A. Sheaffer Pen Company. Fountain pen.
1742641412-1680,"Patent BE-422774, applied in 1937, by William F. Johnson, Mentmore. Perfectionnements aux porte-plume réservoirs.",BE-422774,Mentmore,1680,BE-422774,1937,William F. Johnson,Perfectionnements aux porte-plume réservoirs.
1742641412-1681,"Patent US-2092459, applied in 1934, by Leopold Kutter, Météore - La Plume d'Or, Uneman. Fountain pen.",US-2092459,Météore - La Plume d'Or,1681,US-2092459,1934,Leopold Kutter,Fountain pen.
1742641412-1682,"Patent GB-471612, applied in 1936, by Edward G. Knight, De La Rue - Onoto. Improvements in or relating to self-filling fountain pens.",GB-471612,De La Rue - Onoto,1682,GB-471612,1936,Edward G. Knight,Improvements in or relating to self-filling fountain pens.
1742641412-1683,"Patent US-2093701, applied in 1935, by Jaroslav Zahel, Unbranded. Fountain pen.",US-2093701,Unbranded,1683,US-2093701,1935,Jaroslav Zahel,Fountain pen.
1742641412-1684,"Patent US-2093919, applied in 1936, by Reinhold Lotterer, Wearever. Runner tube for mechanical pencils.",US-2093919,Wearever,1684,US-2093919,1936,Reinhold Lotterer,Runner tube for mechanical pencils.
1742641412-1685,"Patent GB-472380, applied in 1937, by David Finburgh, Alec Finburgh, Wyvern Fountain Pen Company. Improvements relating to propelling pencils.",GB-472380,Wyvern Fountain Pen Company,1685,GB-472380,1937,David Finburgh,Improvements relating to propelling pencils.
1742641412-1686,"Patent FR-818824, applied in 1936, Unbranded. Stylographe à auto-remplissage.",FR-818824,Unbranded,1686,,,,
1742641412-1687,"Patent US-2094796, applied in 1936, by David Kahn, Wearever. Writing instrument clip with interchangeable initials.",US-2094796,Wearever,1687,US-2094796,1936,David Kahn,Writing instrument clip with interchangeable initials.
1742641412-1688,"Patent US-2094797, applied in 1936, by David Kahn, Wearever. Combined instrument clip and plaque holder.",US-2094797,Wearever,1688,US-2094797,1936,David Kahn,Combined instrument clip and plaque holder.
1742641412-1689,"Patent US-D106326, applied in 1937, by Paul M. Ressinger, The Parker Pen Company. Design for a fountain pen or similar article.",US-D106326,The Parker Pen Company,1689,US-D106326,1937,Paul M. Ressinger,Design for a fountain pen or similar article.
1742641412-1690,"Patent US-D106407, applied in 1936, by David Kahn, Wearever. Design for a fountain pen and pencil initial clip.",US-D106407,Wearever,1690,US-D106407,1936,David Kahn,Design for a fountain pen and pencil initial clip.
1742641412-1691,"Patent GB-473481, applied in 1937, by Arthur Stanley Jones, Conway Stewart. Improvements in or relating to Fountain Pens.",GB-473481,Conway Stewart,1691,GB-473481,1937,Arthur Stanley Jones,Improvements in or relating to Fountain Pens.
1742641412-1692,"Patent US-2096044, applied in 1936, by Roy B. Johns, The Parker Pen Company. Tube and method of forming the same.",US-2096044,The Parker Pen Company,1692,US-2096044,1936,Roy B. Johns,Tube and method of forming the same.
1742641412-1693,"Patent DE-652024, applied in 1935, by Kurt Fend, Fend. Wechselbleistift mit durch Schieber aus der Ruhestellung in eine Rast fuer die Gebrauchsstellung verschiebbaren Minentraegern.",DE-652024,Fend,1693,DE-652024,1935,Kurt Fend,Wechselbleistift mit durch Schieber aus der Ruhestellung in eine Rast fuer die Gebrauchsstellung verschiebbaren Minentraegern.
1742641412-1694,"Patent US-2096708, applied in 1935, by William R. Cuthbert, W. A. Sheaffer Pen Company. Fountain pen.",US-2096708,W. A. Sheaffer Pen Company,1694,US-2096708,1935,William R. Cuthbert,A. Sheaffer Pen Company. Fountain pen.
1742641412-1695,"Patent US-D106701, applied in 1936, by Robert Back, Wahl Eversharp. Design for a fountain pen or similar article.",US-D106701,Wahl Eversharp,1695,US-D106701,1936,Robert Back,Design for a fountain pen or similar article.
1742641412-1696,"Patent DE-652290, applied in 1935, Montblanc. Tintenbehälter aus Kunstmasse zum Füllen von Füllfederhaltern.",DE-652290,Montblanc,1696,,,,
1742641412-1697,"Patent DE-652405, applied in 1936, Montblanc. Verfahren und Einrichtung zur Musterung von Füllfederhalterhülsen.",DE-652405,Montblanc,1697,,,,
1742641412-1698,"Patent CH-193646, applied in 1935, by Kurt Fend, Fend. Wechselbleistift.",CH-193646,Fend,1698,CH-193646,1935,Kurt Fend,Wechselbleistift.
1742641412-1699,"Patent GB-474736, applied in 1935, by Kurt Fend, Fend. Improvements in and relating to magazine lead pencils with selectively interchangeable lead holders.",GB-474736,Fend,1699,GB-474736,1935,Kurt Fend,Improvements in and relating to magazine lead pencils with selectively interchangeable lead holders.
1742641412-1700,"Patent GB-474893, applied in 1937, by Leslie William Johnson, Edward Stephen Sears, Swan. Improvements in or relating to stylographic pens.",GB-474893,Swan,1700,GB-474893,1937,Leslie William Johnson,Improvements in or relating to stylographic pens.
1742641412-1701,"Patent US-2099126, applied in 1935, by Gabriel Larsen, Waterman. Fountain pen.",US-2099126,Waterman,1701,US-2099126,1935,Gabriel Larsen,Fountain pen.
1742641412-1702,"Patent CH-194208, applied in 1935, by Kurt Fend, Fend. Wechselbleistift.",CH-194208,Fend,1702,CH-194208,1935,Kurt Fend,Wechselbleistift.
1742641412-1703,"Patent GB-475970, applied in 1936, by William F. Johnson, Mentmore. Improvements in or relating to self-filling fountain pens.",GB-475970,Mentmore,1703,GB-475970,1936,William F. Johnson,Improvements in or relating to self-filling fountain pens.
1742641412-1704,"Patent US-2101304, applied in 1936, by Howard S. Wright, W. A. Sheaffer Pen Company. Fountain pen.",US-2101304,W. A. Sheaffer Pen Company,1704,US-2101304,1936,Howard S. Wright,A. Sheaffer Pen Company. Fountain pen.
1742641412-1705,"Patent US-2102044, applied in 1934, by Milford G. Sypher, Chilton. Fountain pen and the like.",US-2102044,Chilton,1705,US-2102044,1934,Milford G. Sypher,Fountain pen and the like.
1742641412-1706,"Patent GB-476971, applied in 1935, by Vaclav Klimes, Unbranded. Writing implement.",GB-476971,Unbranded,1706,GB-476971,1935,Vaclav Klimes,Writing implement.
1742641412-1707,"Patent US-D107708, applied in 1937, by Paul M. Ressinger, Ivan D. Tefft, The Parker Pen Company. Design for a fountain pen and pencil clip.",US-D107708,The Parker Pen Company,1707,US-D107708,1937,Paul M. Ressinger,"Tefft, The Parker Pen Company. Design for a fountain pen and pencil clip."
1742641412-1708,"Patent BE-424772, applied in 1936, by Robert Jean Jacques Hallauer, Edacoto. Perfectionnements aux porte-plume réservoirs à ampoules d'encre amovibles.",BE-424772,Edacoto,1708,BE-424772,1936,Robert Jean Jacques Hallauer,Perfectionnements aux porte-plume réservoirs à ampoules d'encre amovibles.
1742641412-1709,"Patent US-2104638, applied in 1936, by William R. Cuthbert, W. A. Sheaffer Pen Company. Fountain pen.",US-2104638,W. A. Sheaffer Pen Company,1709,US-2104638,1936,William R. Cuthbert,A. Sheaffer Pen Company. Fountain pen.
1742641412-1710,"Patent US-2104676, applied in 1936, by Oscar H. Senf, W. A. Sheaffer Pen Company. Fountain pen desk stand.",US-2104676,W. A. Sheaffer Pen Company,1710,US-2104676,1936,Oscar H. Senf,A. Sheaffer Pen Company. Fountain pen desk stand.
1742641412-1711,"Patent FR-822628, applied in 1936, Mentmore. Self-filling fountain pen.",FR-822628,Mentmore,1711,,,,
1742641412-1712,"Patent FR-822646, applied in 1936, by Johannes Iversen, Miller Pen Co.. Porte-plume réservoir ou stylographe.",FR-822646,Miller Pen Co.,1712,,,,
1742641412-1713,"Patent FR-822691, applied in 1937, Unic. Porte-plume réservoir.",FR-822691,Unic,1713,,,,
1742641412-1714,"Patent US-2105049, applied in 1935, by Arthur N. Lungren, Wahl Eversharp. Pen.",US-2105049,Wahl Eversharp,1714,US-2105049,1935,Arthur N. Lungren,Pen.
1742641412-1715,"Patent US-2105189, applied in 1935, by Benjamin W. Hanle, Eagle. Fountain pen.",US-2105189,Eagle,1715,US-2105189,1935,Benjamin W. Hanle,Fountain pen.
1742641412-1716,"Patent US-2105424, applied in 1936, by David Kahn, Wearever. Pencil lead container.",US-2105424,Wearever,1716,US-2105424,1936,David Kahn,Pencil lead container.
1742641412-1717,"Patent GB-478118, applied in 1935, by Kurt Fend, Fend. Improvements in and relating to magazine lead pencils with selectively interchangeable lead holders.",GB-478118,Fend,1717,GB-478118,1935,Kurt Fend,Improvements in and relating to magazine lead pencils with selectively interchangeable lead holders.
1742641412-1718,"Patent FR-823477, applied in 1937, Unic. Perfectionnement aux porte-plume réservoirs.",FR-823477,Unic,1718,,,,
1742641412-1719,"Patent GB-478651, applied in 1936, by William F. Johnson, Mentmore. Improvements in or relating to fountain pens.",GB-478651,Mentmore,1719,GB-478651,1936,William F. Johnson,Improvements in or relating to fountain pens.
1742641412-1720,"Patent US-2163515, applied in 1936, by Kurt Fend, Fend. Interchangeable lead pencil.",US-2163515,Fend,1720,US-2163515,1936,Kurt Fend,Interchangeable lead pencil.
1742641412-1721,"Patent DE-655438, applied in 1931, Montblanc. Füllbleistift.",DE-655438,Montblanc,1721,,,,
1742641412-1722,"Patent FR-823652, applied in 1936, by Kurt Fend, Fend. Porte-mines multiple.",FR-823652,Fend,1722,FR-823652,1936,Kurt Fend,Porte-mines multiple.
1742641412-1723,"Patent US-2107150, applied in 1935, by William F. Heising, W. A. Sheaffer Pen Company. Fountain pen.",US-2107150,W. A. Sheaffer Pen Company,1723,US-2107150,1935,William F. Heising,A. Sheaffer Pen Company. Fountain pen.
1742641412-1724,"Patent US-2107162, applied in 1935, by Henry H. Polk Jr., W. A. Sheaffer Pen Company. Fountain pen.",US-2107162,W. A. Sheaffer Pen Company,1724,US-2107162,1935,Henry H. Polk Jr.,A. Sheaffer Pen Company. Fountain pen.
1742641412-1725,"Patent FR-824697, applied in 1936, Stylomine. Nouvelle pince multibranche pour porte-mine automatique.",FR-824697,Stylomine,1725,,,,
1742641412-1726,"Patent US-2108552, applied in 1936, by Arthur W. Schoneberger, Unbranded. Fountain pen.",US-2108552,Unbranded,1726,US-2108552,1936,Arthur W. Schoneberger,Fountain pen.
1742641412-1727,"Patent GB-479937, applied in 1936, by Leslie William Johnson, Edward Stephen Sears, Swan. Improvements in or relating to pencil holders.",GB-479937,Swan,1727,GB-479937,1936,Leslie William Johnson,Improvements in or relating to pencil holders.
1742641412-1728,"Patent GB-480717, applied in 1936, by Leslie William Johnson, Edward Stephen Sears, Swan. Improvements in or relating to propelling pencils.",GB-480717,Swan,1728,GB-480717,1936,Leslie William Johnson,Improvements in or relating to propelling pencils.
1742641412-1729,"Patent US-2110007, applied in 1936, by Ivan D. Tefft, The Parker Pen Company. Desk set.",US-2110007,The Parker Pen Company,1729,US-2110007,1936,Ivan D. Tefft,Desk set.
1742641412-1730,"Patent GB-480965, applied in 1936, by Leslie William Johnson, Edward Stephen Sears, Swan. Improvements in self-filling fountain pens.",GB-480965,Swan,1730,GB-480965,1936,Leslie William Johnson,Improvements in self-filling fountain pens.
1742641412-1731,"Patent US-2110551, applied in 1935, by Robert E. Freidlein, David Juelss, Venus. Mechanical pencil.",US-2110551,Venus,1731,US-2110551,1935,Robert E. Freidlein,Mechanical pencil.
1742641412-1732,"Patent US-2110558, applied in 1936, by Craig R. Sheaffer, W. A. Sheaffer Pen Company. Fountain pen.",US-2110558,W. A. Sheaffer Pen Company,1732,US-2110558,1936,Craig R. Sheaffer,A. Sheaffer Pen Company. Fountain pen.
1742641412-1733,"Patent US-2110578, applied in 1935, by Aloysius L. Prasch, W. A. Sheaffer Pen Company. Fountain pen.",US-2110578,W. A. Sheaffer Pen Company,1733,US-2110578,1935,Aloysius L. Prasch,A. Sheaffer Pen Company. Fountain pen.
1742641412-1734,"Patent US-2111518, applied in 1935, by Joseph Wallace, Inkograph. Fountain pen attachment.",US-2111518,Inkograph,1734,US-2111518,1935,Joseph Wallace,Fountain pen attachment.
1742641412-1735,"Patent GB-482097, applied in 1936, by Kurt Fend, Fend. Improvements in and relating to writing implement having interchangeable leads.",GB-482097,Fend,1735,GB-482097,1936,Kurt Fend,Improvements in and relating to writing implement having interchangeable leads.
1742641412-1736,"Patent FR-826105, applied in 1937, by Kabushikikaisha Namiki Seisaku, Pilot. Perfectionnements apportés aux porte-plumes à réservoir.",FR-826105,Pilot,1736,FR-826105,1937,Kabushikikaisha Namiki Seisaku,Perfectionnements apportés aux porte-plumes à réservoir.
1742641412-1737,"Patent FR-826136, applied in 1937, Pilot. Bouchage de bouteilles d'encre.",FR-826136,Pilot,1737,,,,
1742641412-1738,"Patent BE-426288, applied in 1936, by Johannes Iversen, Miller Pen Co.. Porte-plume réservoir ou stylographe.",BE-426288,Miller Pen Co.,1738,,,,
1742641412-1739,"Patent US-2113633, applied in 1937, by Herman K. Stempel, Samuel L. Daugherty, W. A. Sheaffer Pen Company. Fountain pen.",US-2113633,W. A. Sheaffer Pen Company,1739,US-2113633,1937,Herman K. Stempel,"Daugherty, W. A. Sheaffer Pen Company. Fountain pen."
1742641412-1740,"Patent NL-43208, applied in 1935, by William Livsey, Stephens, Lang - Curzon - Summit. Zelfvullende vulpenhouder.",NL-43208,Stephens,1740,NL-43208,1935,William Livsey,Zelfvullende vulpenhouder.
1742641412-1741,"Patent CH-197313, applied in 1936, by Johannes Iversen, Miller Pen Co.. Füllfederhalter.",CH-197313,Miller Pen Co.,1741,,,,
1742641412-1742,"Patent GB-484593, applied in 1936, by Arthur E. Andrews, Mentmore. Improvements relating to fountain pens.",GB-484593,Mentmore,1742,GB-484593,1936,Arthur E. Andrews,Improvements relating to fountain pens.
1742641412-1743,"Patent FR-828489, applied in 1937, Stylomine. Nouveau procédé pour assurer la visibilité de l'encre dans les stylographes.",FR-828489,Stylomine,1743,,,,
1742641412-1744,"Patent US-2118241, applied in 1936, by Milford G. Sypher, Chilton. Pen desk set.",US-2118241,Chilton,1744,US-2118241,1936,Milford G. Sypher,Pen desk set.
1742641412-1745,"Patent US-2120059, applied in 1933, by Fred P. Moore, Wahl Eversharp. Fountain pen.",US-2120059,Wahl Eversharp,1745,US-2120059,1933,Fred P. Moore,Fountain pen.
1742641412-1746,"Patent US-2125957, applied in 1937, by Salomon M. Sager, Sager. Fountain pen.",US-2125957,Sager,1746,US-2125957,1937,Salomon M. Sager,Fountain pen.
1742641412-1747,"Patent US-2120652, applied in 1937, by Julius L. Schnell, Schnell. Fountain pen.",US-2120652,Schnell,1747,US-2120652,1937,Julius L. Schnell,Fountain pen.
1742641412-1748,"Patent NL-43662, applied in 1936, by Johannes Iversen, Miller Pen Co.. Vulpenhouder met zuiger.",NL-43662,Miller Pen Co.,1748,,,,
1742641412-1749,"Patent DE-661729, applied in 1936, by Gregor Miltner, Osmia. Füllfederhalter mit einem durch eine steilgängige Schraubenspindel bewegbaren Saugkolben.",DE-661729,Osmia,1749,DE-661729,1936,Gregor Miltner,Füllfederhalter mit einem durch eine steilgängige Schraubenspindel bewegbaren Saugkolben.
1742641412-1750,"Patent GB-487942, applied in 1936, by William F. Johnson, Mentmore. Improvements in or relating to self-filling fountain pens.",GB-487942,Mentmore,1750,GB-487942,1936,William F. Johnson,Improvements in or relating to self-filling fountain pens.
1742641412-1751,"Patent US-2123110, applied in 1936, by William F. Johnson, Mentmore. Self-filling fountain pen.",US-2123110,Mentmore,1751,US-2123110,1936,William F. Johnson,Self-filling fountain pen.
1742641412-1752,"Patent GB-488541, applied in 1938, by Ryosuke Namiki, Pilot. Improvements in Fountain-pens.",GB-488541,Pilot,1752,GB-488541,1938,Ryosuke Namiki,Improvements in Fountain-pens.
1742641412-1753,"Patent US-2123427, applied in 1935, by Russel B. Kingman, Camel. Fountain pen.",US-2123427,Camel,1753,US-2123427,1935,Russel B. Kingman,Fountain pen.
1742641412-1754,"Patent US-2124771, applied in 1937, by Ned D. Fish, W. A. Sheaffer Pen Company. Fountain pen desk set.",US-2124771,W. A. Sheaffer Pen Company,1754,US-2124771,1937,Ned D. Fish,A. Sheaffer Pen Company. Fountain pen desk set.
1742641412-1755,"Patent US-2125957, applied in 1937, by Salomon M. Sager, Sager. Fountain pen.",US-2125957,Sager,1755,US-2125957,1937,Salomon M. Sager,Fountain pen.
1742641412-1756,"Patent GB-490096, applied in 1937, by Ryosuke Namiki, Pilot. Closure for Ink Bottles.",GB-490096,Pilot,1756,GB-490096,1937,Ryosuke Namiki,Closure for Ink Bottles.
1742641412-1757,"Patent US-2127043, applied in 1936, by Lucifer J. Most, Metal & Controls Corporation. Method of decorating plastic articles.",US-2127043,Metal & Controls Corporation,1757,US-2127043,1936,Lucifer J. Most,Method of decorating plastic articles.
1742641412-1758,"Patent US-D110896, applied in 1938, by Alfonso Iannelli, Wahl Eversharp. Design for a pencil or similar article.",US-D110896,Wahl Eversharp,1758,US-D110896,1938,Alfonso Iannelli,Design for a pencil or similar article.
1742641412-1759,"Patent DE-664007, applied in 1934, Montblanc. Druckfüllbleistift mit im Spitzenkörper angeordneter, unter der Wirkung eines Klemmgliedes stehender, geschlitzter, hülsenförmiger Klemmzange.",DE-664007,Montblanc,1759,,,,
1742641412-1760,"Patent DE-664392, applied in 1936, by Kurt Fend, Fend. Wechselschreibstift mit zwei gegeneinander verschiebbaren Huelsen und einem auf den vorzuschiebenden Minentraeger einstellbaren Vorschubstab.",DE-664392,Fend,1760,DE-664392,1936,Kurt Fend,Wechselschreibstift mit zwei gegeneinander verschiebbaren Huelsen und einem auf den vorzuschiebenden Minentraeger einstellbaren Vorschubstab.
1742641412-1761,"Patent CH-199498, applied in 1936, Edacoto. Porte-plume réservoir à ampoules d'encre amovibles.",CH-199498,Edacoto,1761,,,,
1742641412-1762,"Patent US-2129134, applied in 1936, by William F. Johnson, Mentmore. Self-filling sac pen.",US-2129134,Mentmore,1762,US-2129134,1936,William F. Johnson,Self-filling sac pen.
1742641412-1763,"Patent FR-824603, applied in 1936, Mentmore. Perfectionnement aux stylographes.",FR-824603,Mentmore,1763,,,,
1742641412-1764,"Patent US-D110810, applied in 1937, by David Kahn, Wearever. Design for a pencil or the like.",US-D110810,Wearever,1764,US-D110810,1937,David Kahn,Design for a pencil or the like.
1742641412-1765,"Patent GB-491876, applied in 1937, by William F. Johnson, Mentmore. Improvements in or relating to fountain pens.",GB-491876,Mentmore,1765,GB-491876,1937,William F. Johnson,Improvements in or relating to fountain pens.
1742641412-1766,"Patent US-2129655, applied in 1935, by William P. De Witt, De Witt-La France. Pencil.",US-2129655,De Witt-La France,1766,US-2129655,1935,William P. De Witt,Pencil.
1742641412-1767,"Patent US-D111301, applied in 1937, by Ned T. Fish, Max Oehler, W. A. Sheaffer Pen Company. Design for a fountain pen.",US-D111301,W. A. Sheaffer Pen Company,1767,US-D111301,1937,Ned T. Fish,A. Sheaffer Pen Company. Design for a fountain pen.
1742641412-1768,"Patent FR-831873, applied in 1937, Météore - La Plume d'Or. Perfectionnements aux porte-plume à réservoir.",FR-831873,Météore - La Plume d'Or,1768,,,,
1742641412-1769,"Patent US-2132313, applied in 1937, by Ryosuke Namiki, Pilot. Closure of ink bottles.",US-2132313,Pilot,1769,US-2132313,1937,Ryosuke Namiki,Closure of ink bottles.
1742641412-1770,"Patent US-2133617, applied in 1937, by Benjamin W. Hanle, Eagle. Fountain pen.",US-2133617,Eagle,1770,US-2133617,1937,Benjamin W. Hanle,Fountain pen.
1742641412-1771,"Patent AT-154829, applied in 1935, Luxor. Füllfederhalter.",AT-154829,Luxor,1771,,,,
1742641412-1772,"Patent US-2136290, applied in 1935, by Kurt Fend, Fend. Interchangeable lead pencil.",US-2136290,Fend,1772,US-2136290,1935,Kurt Fend,Interchangeable lead pencil.
1742641412-1773,"Patent GB-495419, applied in 1937, by Arthur E. Andrews, Mentmore. Improvements relating to propelling pencils.",GB-495419,Mentmore,1773,GB-495419,1937,Arthur E. Andrews,Improvements relating to propelling pencils.
1742641412-1774,"Patent GB-495659, applied in 1937, by Edward G. Knight, De La Rue - Onoto. Improvements in or relating to fountain pen barrels and the like.",GB-495659,De La Rue - Onoto,1774,GB-495659,1937,Edward G. Knight,Improvements in or relating to fountain pen barrels and the like.
1742641412-1775,"Patent US-D112283, applied in 1938, by Benjamin W. Hanle, Eagle. Design for a fountain pen or similar article.",US-D112283,Eagle,1775,US-D112283,1938,Benjamin W. Hanle,Design for a fountain pen or similar article.
1742641412-1776,"Patent US-D112401, applied in 1938, by Anatol N. Andrews, Unbranded. Design for a fountain pen or a similar article.",US-D112401,Unbranded,1776,US-D112401,1938,Anatol N. Andrews,Design for a fountain pen or a similar article.
1742641412-1777,"Patent US-2139045, applied in 1937, by Milford G. Sypher, Chilton. Fountain pen.",US-2139045,Chilton,1777,US-2139045,1937,Milford G. Sypher,Fountain pen.
1742641412-1778,"Patent US-2139084, applied in 1935, by Gabriel Larsen, Waterman. Fountain pen.",US-2139084,Waterman,1778,US-2139084,1935,Gabriel Larsen,Fountain pen.
1742641412-1779,"Patent GB-497169, applied in 1937, by Edward G. Knight, De La Rue - Onoto. Improvements in or relating to fountain pens.",GB-497169,De La Rue - Onoto,1779,GB-497169,1937,Edward G. Knight,Improvements in or relating to fountain pens.
1742641412-1780,"Patent DE-669115, applied in 1936, by Heinrich Schwarting, Konrad Kressel, Montblanc. Verfahren zur Musterung von Füllfederhalterhuelsen aus durchsichtigen oder durchscheinenden, in organischen Lösungsmitteln löslichen Werkstoffen.",DE-669115,Montblanc,1780,DE-669115,1936,Heinrich Schwarting,"Verfahren zur Musterung von Füllfederhalterhuelsen aus durchsichtigen oder durchscheinenden, in organischen Lösungsmitteln löslichen Werkstoffen."
1742641412-1781,"Patent US-2141988, applied in 1937, by David Kahn, Wearever. Plaque holder and method of making the same.",US-2141988,Wearever,1781,US-2141988,1937,David Kahn,Plaque holder and method of making the same.
1742641412-1782,"Patent US-2141989, applied in 1937, by Karl Weisser, Wearever. Pipe and plaque holder therefor.",US-2141989,Wearever,1782,US-2141989,1937,Karl Weisser,Pipe and plaque holder therefor.
1742641412-1783,"Patent US-2141990, applied in 1937, by David Kahn, Wearever. Plaque holder for writing instruments and the like.",US-2141990,Wearever,1783,US-2141990,1937,David Kahn,Plaque holder for writing instruments and the like.
1742641412-1784,"Patent US-2141991, applied in 1938, by David Kahn, Wearever. Plaque holder and blank.",US-2141991,Wearever,1784,US-2141991,1938,David Kahn,Plaque holder and blank.
1742641412-1785,"Patent DK-55650C, applied in 1937, Osmia. Fremgangsmaade til Fremstilling af mønstrede Hylstre til Fyldepennebeholdere og Fyldeblyantbeholdere.",DK-55650C,Osmia,1785,,,,
1742641412-1786,"Patent US-2142531, applied in 1935, by Albert H. Stenersen, Wahl Eversharp. Fountain pen.",US-2142531,Wahl Eversharp,1786,US-2142531,1935,Albert H. Stenersen,Fountain pen.
1742641412-1787,"Patent US-2142532, applied in 1937, by Albert H. Stenersen, Wahl Eversharp. Fountain pen.",US-2142532,Wahl Eversharp,1787,US-2142532,1937,Albert H. Stenersen,Fountain pen.
1742641412-1788,"Patent US-2142533, applied in 1934, by Albert H. Stenersen, Wahl Eversharp. Fountain pen.",US-2142533,Wahl Eversharp,1788,US-2142533,1934,Albert H. Stenersen,Fountain pen.
1742641412-1789,"Patent US-2143601, applied in 1936, by Johannes Iversen, Miller Pen Co.. Fountain pen.",US-2143601,Miller Pen Co.,1789,,,,
1742641412-1790,"Patent US-2144296, applied in 1938, by Ryosuke Namiki, Pilot. Fountain pen.",US-2144296,Pilot,1790,US-2144296,1938,Ryosuke Namiki,Fountain pen.
1742641412-1791,"Patent CH-202572, applied in 1937, Soennecken. Füllhalter mit durch Knopf betätigbarer Füllvorrichtung.",CH-202572,Soennecken,1791,,,,
1742641412-1792,"Patent US-2148236, applied in 1936, by Benjamin W. Hanle, Eagle. Fountain pen.",US-2148236,Eagle,1792,US-2148236,1936,Benjamin W. Hanle,Fountain pen.
1742641412-1793,"Patent FR-837930, applied in 1937, Stylomine. Bouchon pour tubes d'encre interchangeables de stylo.",FR-837930,Stylomine,1793,,,,
1742641412-1794,"Patent US-2148853, applied in 1938, by Homer J. Bessette, LeBoeuf. Fountain pen.",US-2148853,LeBoeuf,1794,US-2148853,1938,Homer J. Bessette,Fountain pen.
1742641412-1795,"Patent GB-501523, applied in 1937, by George E. Barker, Mentmore. Improvements in or relating to fountain pens, propelling pencils and the like.",GB-501523,Mentmore,1795,GB-501523,1937,George E. Barker,"Improvements in or relating to fountain pens, propelling pencils and the like."
1742641412-1796,"Patent US-2149557, applied in 1936, by John A. Snodgrass, Unbranded. Fountain pen.",US-2149557,Unbranded,1796,US-2149557,1936,John A. Snodgrass,Fountain pen.
1742641412-1797,"Patent US-2150065, applied in 1937, by David Kahn, Wearever. Pen desk set.",US-2150065,Wearever,1797,US-2150065,1937,David Kahn,Pen desk set.
1742641412-1798,"Patent DE-672665, applied in 1936, Unbranded. Tintenleiter fuer Fuellfederhalter mit zu beiden Seiten und an der Unterseite des Luft- und Tintenkanals laengs verlaufenden Ausgleichskammern.",DE-672665,Unbranded,1798,,,,
1742641412-1799,"Patent GB-502381, applied in 1937, Montblanc. Improvements in and relating to fountain pens.",GB-502381,Montblanc,1799,,,,
1742641412-1800,"Patent US-2151548, applied in 1935, by Robert Back, Wahl Eversharp. Decorative tubular article of pyroxylin or the like.",US-2151548,Wahl Eversharp,1800,US-2151548,1935,Robert Back,Decorative tubular article of pyroxylin or the like.
1742641412-1801,"Patent US-2152161, applied in 1938, by Milford G. Sypher, Chilton. Inlaid article and method of inlaying.",US-2152161,Chilton,1801,US-2152161,1938,Milford G. Sypher,Inlaid article and method of inlaying.
1742641412-1802,"Patent US-2152436, applied in 1937, by Leon H. Ashmore, Esterbrook. Fountain pen.",US-2152436,Esterbrook,1802,US-2152436,1937,Leon H. Ashmore,Fountain pen.
1742641412-1803,"Patent US-2153488, applied in 1937, by Karl Weisser, Wearever. Writing instrument clip.",US-2153488,Wearever,1803,US-2153488,1937,Karl Weisser,Writing instrument clip.
1742641412-1804,"Patent US-D114095, applied in 1938, by Karl Weisser, Wearever. Design for a fountain pen and pencil clip.",US-D114095,Wearever,1804,US-D114095,1938,Karl Weisser,Design for a fountain pen and pencil clip.
1742641412-1805,"Patent US-2154102, applied in 1934, by Lucifer J. Most, Metal & Controls Corporation. Method of manufacturing pen points, and sheet stock therefor.",US-2154102,Metal & Controls Corporation,1805,US-2154102,1934,Lucifer J. Most,"Method of manufacturing pen points, and sheet stock therefor."
1742641412-1806,"Patent US-2154103, applied in 1935, by Lucifer J. Most, Metal & Controls Corporation. Sheet stock and the manufacture of pen points.",US-2154103,Metal & Controls Corporation,1806,US-2154103,1935,Lucifer J. Most,Sheet stock and the manufacture of pen points.
1742641412-1807,"Patent US-2156775, applied in 1936, by Zimmer Edward, Wearever. Fountain pen identifying device.",US-2156775,Wearever,1807,US-2156775,1936,Zimmer Edward,Fountain pen identifying device.
1742641412-1808,"Patent FR-840819, applied in 1938, Itala Cromograf. Stylographe à deux plumes.",FR-840819,Itala Cromograf,1808,,,,
1742641412-1809,"Patent US-2158615, applied in 1937, by Howard S. Wright, W. A. Sheaffer Pen Company. Fountain pen.",US-2158615,W. A. Sheaffer Pen Company,1809,US-2158615,1937,Howard S. Wright,A. Sheaffer Pen Company. Fountain pen.
1742641412-1810,"Patent FR-841365, applied in 1938, Stylomine. Nouveau «conduit d'encre» pour stylographe.",FR-841365,Stylomine,1810,,,,
1742641412-1811,"Patent FR-841451, applied in 1938, Bayard. Perfectionnements aux porte-plume à réservoir.",FR-841451,Bayard,1811,,,,
1742641412-1812,"Patent US-2159002, applied in 1938, by Leon H. Ashmore, Esterbrook. Manufacture of metal stock.",US-2159002,Esterbrook,1812,US-2159002,1938,Leon H. Ashmore,Manufacture of metal stock.
1742641412-1813,"Patent US-2159003, applied in 1938, by Leon H. Ashmore, Esterbrook. Manufacture of writing pens.",US-2159003,Esterbrook,1813,US-2159003,1938,Leon H. Ashmore,Manufacture of writing pens.
1742641412-1814,"Patent US-2162223, applied in 1937, by Gabriel Larsen, Waterman. Fountain pen barrel.",US-2162223,Waterman,1814,US-2162223,1937,Gabriel Larsen,Fountain pen barrel.
1742641412-1815,"Patent US-D115544, applied in 1939, by Frank C. Deli, Erik Petau, Autopoint. Design for a pen and pencil clip.",US-D115544,Autopoint,1815,US-D115544,1939,Frank C. Deli,Design for a pen and pencil clip.
1742641412-1816,"Patent FR-843941, applied in 1938, Edacoto. Perfectionnements aux porte-plume réservoir.",FR-843941,Edacoto,1816,,,,
1742641412-1817,"Patent DE-678716, applied in 1937, by Paul Buschle, Compaktor. Fuellfederhalter mit einem Fuellrohr und einem im hinteren Ende des Halterschaftes angeordneten Hohlkolben.",DE-678716,Compaktor,1817,DE-678716,1937,Paul Buschle,Fuellfederhalter mit einem Fuellrohr und einem im hinteren Ende des Halterschaftes angeordneten Hohlkolben.
1742641412-1818,"Patent US-D115868, applied in 1938, by Sydney E. Longmaid, Esterbrook. Design for a pen point.",US-D115868,Esterbrook,1818,US-D115868,1938,Sydney E. Longmaid,Design for a pen point.
1742641412-1819,"Patent US-2167815, applied in 1937, by Heinrich Schwarting et al, Montblanc. Fountain pen.",US-2167815,Montblanc,1819,US-2167815,1937,Heinrich Schwarting et al,Fountain pen.
1742641412-1820,"Patent US-D116005, applied in 1938, by Leon H. Ashmore, Esterbrook. Design for a pen and pencil clip.",US-D116005,Esterbrook,1820,US-D116005,1938,Leon H. Ashmore,Design for a pen and pencil clip.
1742641412-1821,"Patent US-D116097, applied in 1939, by Kenneth S. Parker, Marlin S. Baker, The Parker Pen Company. Design for a fountain pen.",US-D116097,The Parker Pen Company,1821,US-D116097,1939,Kenneth S. Parker,"Baker, The Parker Pen Company. Design for a fountain pen."
1742641412-1822,"Patent US-D116098, applied in 1939, by Kenneth S. Parker, Marlin S. Baker, The Parker Pen Company. Design for a fountain pen barrel.",US-D116098,The Parker Pen Company,1822,US-D116098,1939,Kenneth S. Parker,"Baker, The Parker Pen Company. Design for a fountain pen barrel."
1742641412-1823,"Patent GB-511521, applied in 1938, by Arthur E. Andrews, Mentmore. Improvements in or relating to stylographic pens.",GB-511521,Mentmore,1823,GB-511521,1938,Arthur E. Andrews,Improvements in or relating to stylographic pens.
1742641412-1824,"Patent US-2170242, applied in 1936, by Benjamin W. Hanle, Eagle. Fountain pen.",US-2170242,Eagle,1824,US-2170242,1936,Benjamin W. Hanle,Fountain pen.
1742641412-1825,"Patent DE-680292, applied in 1936, Montblanc. Kolbenfüllfederhalter mit einer aus teleskopartig ineinander verschraubbaren Teilen bestehenden Kolbenstange.",DE-680292,Montblanc,1825,,,,
1742641412-1826,"Patent DE-682285, applied in 1937, by Albert Schneider, Soennecken. Fuellfederhalter mit Schraubkolben und einem gegen unbeabsichtigtes Drehen gesicherten Drehknopf.",DE-682285,Soennecken,1826,DE-682285,1937,Albert Schneider,Fuellfederhalter mit Schraubkolben und einem gegen unbeabsichtigtes Drehen gesicherten Drehknopf.
1742641412-1827,"Patent FR-847613, applied in 1938, Mentmore. Perfectionnements aux stylographes.",FR-847613,Mentmore,1827,,,,
1742641412-1828,"Patent DE-682506, applied in 1937, Osmia. Fuellfederhalter mit einem im hinteren Ende des Halterschaftes befestigten, durch eine Kolbenstange umstuelpbaren Gummisack.",DE-682506,Osmia,1828,,,,
1742641412-1829,"Patent US-2176661, applied in 1939, by Leon H. Ashmore, Esterbrook. Fountain pen.",US-2176661,Esterbrook,1829,US-2176661,1939,Leon H. Ashmore,Fountain pen.
1742641412-1830,"Patent US-2177466, applied in 1938, by Herman K. Stempel, W. A. Sheaffer Pen Company. Pencil eraser.",US-2177466,W. A. Sheaffer Pen Company,1830,US-2177466,1938,Herman K. Stempel,A. Sheaffer Pen Company. Pencil eraser.
1742641412-1831,"Patent DE-683548, applied in 1937, by Heinrich Schwarting, Konrad Kressel, Montblanc. Kolbenfüllfederhalter mit einer aus drei oder mehr teleskopartig ineinanderschraubbaren Gliedern bestehenden Kolbenstange.",DE-683548,Montblanc,1831,DE-683548,1937,Heinrich Schwarting,Kolbenfüllfederhalter mit einer aus drei oder mehr teleskopartig ineinanderschraubbaren Gliedern bestehenden Kolbenstange.
1742641412-1832,"Patent GB-514513, applied in 1938, by Leslie William Johnson, Edward Stephen Sears, Swan. Improvements in or relating to self-filling fountain pens.",GB-514513,Swan,1832,GB-514513,1938,Leslie William Johnson,Improvements in or relating to self-filling fountain pens.
1742641412-1833,"Patent US-2179727, applied in 1938, by William George Albert Mckay, Sengbusch Self-Closing Inkstand. Writing Pen.",US-2179727,Sengbusch Self-Closing Inkstand,1833,US-2179727,1938,William George Albert Mckay,Writing Pen.
1742641412-1834,"Patent US-2180560, applied in 1939, by Herman K. Stempel, W. A. Sheaffer Pen Company. Writing instrument.",US-2180560,W. A. Sheaffer Pen Company,1834,US-2180560,1939,Herman K. Stempel,A. Sheaffer Pen Company. Writing instrument.
1742641412-1835,"Patent FR-850525, applied in 1938, Stylomine. Gaine pour pointe à écrire.",FR-850525,Stylomine,1835,,,,
1742641412-1836,"Patent US-2186027, applied in 1935, by David Kahn, Wearever. Mechanical pencil.",US-2186027,Wearever,1836,US-2186027,1935,David Kahn,Mechanical pencil.
1742641412-1837,"Patent US-2186869, applied in 1936, by David Kahn, Wearever. Mechanical magazine pencil.",US-2186869,Wearever,1837,US-2186869,1936,David Kahn,Mechanical magazine pencil.
1742641412-1838,"Patent US-2186870, applied in 1938, by David Kahn, Wearever. Mechanical pencil.",US-2186870,Wearever,1838,US-2186870,1938,David Kahn,Mechanical pencil.
1742641412-1839,"Patent US-2187528, applied in 1937, by Russel T. Wing, The Parker Pen Company. Fountain pen.",US-2187528,The Parker Pen Company,1839,US-2187528,1937,Russel T. Wing,Fountain pen.
1742641412-1840,"Patent US-2435123, applied in 1944, by Jozsef Laszlo Biro, Wahl Eversharp. Fountain pen.",US-2435123,Wahl Eversharp,1840,US-2435123,1944,Jozsef Laszlo Biro,Fountain pen.
1742641412-1841,"Patent GB-517388, applied in 1938, by Eric Ernest Samuel Wade, Lang - Curzon - Summit. Improvements relating to Fountain Pens.",GB-517388,Lang - Curzon - Summit,1841,GB-517388,1938,Eric Ernest Samuel Wade,Improvements relating to Fountain Pens.
1742641412-1842,"Patent US-2188662, applied in 1938, by David J. La France, De Witt-La France. Fountain pen.",US-2188662,De Witt-La France,1842,US-2188662,1938,David J. La France,Fountain pen.
1742641412-1843,"Patent US-2189696, applied in 1938, by Arthur E. Andrews, William F. Johnson, Mentmore. Stylographic pen.",US-2189696,Mentmore,1843,US-2189696,1938,Arthur E. Andrews,"Johnson, Mentmore. Stylographic pen."
1742641412-1844,"Patent US-D118872, applied in 1939, by John Vassos, Waterman. Design for a fountain pen.",US-D118872,Waterman,1844,US-D118872,1939,John Vassos,Design for a fountain pen.
1742641412-1845,"Patent US-D118873, applied in 1939, by John Vassos, Waterman. Design for a fountain pen.",US-D118873,Waterman,1845,US-D118873,1939,John Vassos,Design for a fountain pen.
1742641412-1846,"Patent US-D119006, applied in 1939, by William O. Ponath, Eagle. Design for a mechanical pencil.",US-D119006,Eagle,1846,US-D119006,1939,William O. Ponath,Design for a mechanical pencil.
1742641412-1847,"Patent DE-689266, applied in 1938, by Emil Ghüne, Albert Schneider, Soennecken. Taschenklammer an Verschlusskappen für Füllfederhalter und Füllstifte.",DE-689266,Soennecken,1847,DE-689266,1938,Emil Ghüne,Taschenklammer an Verschlusskappen für Füllfederhalter und Füllstifte.
1742641412-1848,"Patent DE-689408, applied in 1938, by Ernest Wüller, Unbranded. Füllfederhalter mit in seinem Haupttintenraum vorgesehenem Hilfstintenraum.",DE-689408,Unbranded,1848,DE-689408,1938,Ernest Wüller,Füllfederhalter mit in seinem Haupttintenraum vorgesehenem Hilfstintenraum.
1742641412-1849,"Patent DE-689598, applied in 1937, by Heinrich Schwarting, Konrad Kressel, Montblanc. Füllfederhalter mit an einem Fallgewicht befestigtem und durch ein Schreibrohr hindurchgeführtem Schreibdraht.",DE-689598,Montblanc,1849,DE-689598,1937,Heinrich Schwarting,Füllfederhalter mit an einem Fallgewicht befestigtem und durch ein Schreibrohr hindurchgeführtem Schreibdraht.
1742641412-1850,"Patent DE-689744, applied in 1938, by Heinrich Schwarting, Konrad Kressel, Montblanc. Füllfederhalterständer.",DE-689744,Montblanc,1850,DE-689744,1938,Heinrich Schwarting,Füllfederhalterständer.
1742641412-1851,"Patent FR-854177, applied in 1938, Stylomine. Nouveau corps de réservoir pour stylographe.",FR-854177,Stylomine,1851,,,,
1742641412-1852,"Patent US-D119932, applied in 1939, by Alexis V. Lapteff, Esterbrook. Design for a pencil clip or similar article.",US-D119932,Esterbrook,1852,US-D119932,1939,Alexis V. Lapteff,Design for a pencil clip or similar article.
1742641412-1853,"Patent GB-520445, applied in 1938, by Forrest Baird, Stephens. Improvements in and relating to closures for containers for liquids.",GB-520445,Stephens,1853,GB-520445,1938,Forrest Baird,Improvements in and relating to closures for containers for liquids.
1742641412-1854,"Patent US-2200042, applied in 1938, by Jaque A. Salz, Salz. Fountain pen.",US-2200042,Salz,1854,US-2200042,1938,Jaque A. Salz,Fountain pen.
1742641412-1855,"Patent US-D120734, applied in 1940, by David Kahn, Wearever. Design for a pencil lead container or the like.",US-D120734,Wearever,1855,US-D120734,1940,David Kahn,Design for a pencil lead container or the like.
1742641412-1856,"Patent US-2203093, applied in 1937, by David Kahn, Wearever. Mechanical pencil.",US-2203093,Wearever,1856,US-2203093,1937,David Kahn,Mechanical pencil.
1742641412-1857,"Patent US-D121335, applied in 1940, by David Kahn, Wearever. Design for a fountain pen and pencil clip or similar article.",US-D121335,Wearever,1857,US-D121335,1940,David Kahn,Design for a fountain pen and pencil clip or similar article.
1742641412-1858,"Patent US-D121336, applied in 1940, by David Kahn, Wearever. Design for a fountain pen and pencil clip or similar article.",US-D121336,Wearever,1858,US-D121336,1940,David Kahn,Design for a fountain pen and pencil clip or similar article.
1742641412-1859,"Patent NL-48900C, applied in 1938, by Kabushikikaisha Namiki Seisakusho, Pilot. Vulpenhouder.",NL-48900C,Pilot,1859,NL-48900C,1938,Kabushikikaisha Namiki Seisakusho,Vulpenhouder.
1742641412-1860,"Patent US-2208460, applied in 1938, by David Kahn, Mack Seyforth, Wearever. Pen point and method of making the same.",US-2208460,Wearever,1860,US-2208460,1938,David Kahn,Pen point and method of making the same.
1742641412-1861,"Patent GB-523717, applied in 1939, by Arthur Stanley Jones, Conway Stewart. Improvements in or relating to Fountain Pens.",GB-523717,Conway Stewart,1861,GB-523717,1939,Arthur Stanley Jones,Improvements in or relating to Fountain Pens.
1742641412-1862,"Patent GB-524710, applied in 1939, by William F. Johnson, Mentmore. Improvements in fountain pens.",GB-524710,Mentmore,1862,GB-524710,1939,William F. Johnson,Improvements in fountain pens.
1742641412-1863,"Patent GB-525411, applied in 1939, by Edward G. Knight, De La Rue - Onoto. Improvements in stylographs.",GB-525411,De La Rue - Onoto,1863,GB-525411,1939,Edward G. Knight,Improvements in stylographs.
1742641412-1864,"Patent US-2213931, applied in 1940, by Raymond S. Huss, Unbranded. Penholder.",US-2213931,Unbranded,1864,US-2213931,1940,Raymond S. Huss,Penholder.
1742641412-1865,"Patent US-2215630, applied in 1939, by Howard S. Wright, Lynn P. Martin, W. A. Sheaffer Pen Company. Reservoir desk stand.",US-2215630,W. A. Sheaffer Pen Company,1865,US-2215630,1939,Howard S. Wright,"Martin, W. A. Sheaffer Pen Company. Reservoir desk stand."
1742641412-1866,"Patent DE-696573, applied in 1938, by Albert Schneider, Soennecken. Kolbenfuellfederhalter mit einem auf der Schraubspindel des Kolbens axial verschiebbaren Drehknopf.",DE-696573,Soennecken,1866,DE-696573,1938,Albert Schneider,Kolbenfuellfederhalter mit einem auf der Schraubspindel des Kolbens axial verschiebbaren Drehknopf.
1742641412-1867,"Patent FR-857935, applied in 1935, by Compagnie des Encres, Stephens, Lang - Curzon - Summit. Perfectionnements aux stylographes.",FR-857935,Stephens,1867,FR-857935,1935,Compagnie des Encres,Perfectionnements aux stylographes.
1742641412-1868,"Patent US-2216780, applied in 1937, by Henry C. Klagges, Esterbrook. Mechanical pencil.",US-2216780,Esterbrook,1868,US-2216780,1937,Henry C. Klagges,Mechanical pencil.
1742641412-1869,"Patent US-2217502, applied in 1940, by Joseph Wallace, Inkograph. Stylographic pen.",US-2217502,Inkograph,1869,US-2217502,1940,Joseph Wallace,Stylographic pen.
1742641412-1870,"Patent GB-527422, applied in 1939, by Leslie William Johnson, Edward Stephen Sears, Swan. Improvements in or relating to self-filling fountain pens.",GB-527422,Swan,1870,GB-527422,1939,Leslie William Johnson,Improvements in or relating to self-filling fountain pens.
1742641412-1871,"Patent DE-697205, applied in 1937, Osmia. Fuellfederhalter mit einem durch teleskopartig ineinander verschraubbare Gewindeglieder verschiebbaren Kolben.",DE-697205,Osmia,1871,,,,
1742641412-1872,"Patent US-2217755, applied in 1939, by Gabriel Larsen, Waterman. Fountain pen.",US-2217755,Waterman,1872,US-2217755,1939,Gabriel Larsen,Fountain pen.
1742641412-1873,"Patent US-2218536, applied in 1939, by Henry C. Klagges, Esterbrook. Fountain pen.",US-2218536,Esterbrook,1873,US-2218536,1939,Henry C. Klagges,Fountain pen.
1742641412-1874,"Patent US-2219769, applied in 1939, by Robert S. Dorfman, Unbranded. Mechanical pencil.",US-2219769,Unbranded,1874,US-2219769,1939,Robert S. Dorfman,Mechanical pencil.
1742641412-1875,"Patent US-D123293, applied in 1940, by David Kahn, Wearever. Design for a fountain pen and pencil clip.",US-D123293,Wearever,1875,US-D123293,1940,David Kahn,Design for a fountain pen and pencil clip.
1742641412-1876,"Patent US-D123485, applied in 1940, by Ray E. McKiernan, W. A. Sheaffer Pen Company. Design for a fountain pen or similar article.",US-D123485,W. A. Sheaffer Pen Company,1876,US-D123485,1940,Ray E. McKiernan,A. Sheaffer Pen Company. Design for a fountain pen or similar article.
1742641412-1877,"Patent US-2222599, applied in 1938, by Leon Hehl Ashmore, Esterbrook. Penholder.",US-2222599,Esterbrook,1877,US-2222599,1938,Leon Hehl Ashmore,Penholder.
1742641412-1878,"Patent US-2223541, applied in 1939, by Marlin S. Baker, The Parker Pen Company. Fountain pen.",US-2223541,The Parker Pen Company,1878,US-2223541,1939,Marlin S. Baker,Fountain pen.
1742641412-1879,"Patent US-2224162, applied in 1937, Unbranded. Letter opener.",US-2224162,Unbranded,1879,,,,
1742641412-1880,"Patent US-2225864, applied in 1939, by Benjamin W. Hanle, Eagle. Fountain pen.",US-2225864,Eagle,1880,US-2225864,1939,Benjamin W. Hanle,Fountain pen.
1742641412-1881,"Patent US-D124230, applied in 1940, by Henry Dreyfuss, Wahl Eversharp. Design for a pencil or similar article.",US-D124230,Wahl Eversharp,1881,US-D124230,1940,Henry Dreyfuss,Design for a pencil or similar article.
1742641412-1882,"Patent US-D124248, applied in 1940, by Henry Dreyfuss, Wahl Eversharp. Design for a pencil or similar article.",US-D124248,Wahl Eversharp,1882,US-D124248,1940,Henry Dreyfuss,Design for a pencil or similar article.
1742641412-1883,"Patent US-D124266, applied in 1940, by Henry Zoll, Eberhard Faber. Design for a fountain pen or similar article.",US-D124266,Eberhard Faber,1883,US-D124266,1940,Henry Zoll,Design for a fountain pen or similar article.
1742641412-1884,"Patent FR-859771, applied in 1939, Stylomine. Stylographe.",FR-859771,Stylomine,1884,,,,
1742641412-1885,"Patent DE-700837, applied in 1938, by Etienne Panici, Bayard. Fuellfederhalter mit einem Glasrohr und einer dieses umgebenden durchsichtigen Schutzhuelse.",DE-700837,Bayard,1885,DE-700837,1938,Etienne Panici,Fuellfederhalter mit einem Glasrohr und einer dieses umgebenden durchsichtigen Schutzhuelse.
1742641412-1886,"Patent US-2228250, applied in 1935, by Leon H. Ashmore, Esterbrook. Manufacture of writing pens.",US-2228250,Esterbrook,1886,US-2228250,1935,Leon H. Ashmore,Manufacture of writing pens.
1742641412-1887,"Patent US-D124609, applied in 1940, by Louis Morrison, Morrison. Design for a fountain pen or similar article.",US-D124609,Morrison,1887,US-D124609,1940,Louis Morrison,Design for a fountain pen or similar article.
1742641412-1888,"Patent DE-701860, applied in 1934, by Ernst Rösler, Kaweco, Montblanc. Korrosionsbeständige Schreibfeder, insbesondere für Füllfederhalter.",DE-701860,Kaweco,1888,DE-701860,1934,Ernst Rösler,"Korrosionsbeständige Schreibfeder, insbesondere für Füllfederhalter."
1742641412-1889,"Patent US-2229749, applied in 1940, by Frank E. Little, Unbranded. Fountain pen.",US-2229749,Unbranded,1889,US-2229749,1940,Frank E. Little,Fountain pen.
1742641412-1890,"Patent GB-532979, applied in 1939, by Albert J. Good, Mentmore. Improvements in self-filling fountain pens.",GB-532979,Mentmore,1890,GB-532979,1939,Albert J. Good,Improvements in self-filling fountain pens.
1742641412-1891,"Patent GB-533420, applied in 1939, by Charles George Todd, Stephens. A device for use in the preparation of ink.",GB-533420,Stephens,1891,GB-533420,1939,Charles George Todd,A device for use in the preparation of ink.
1742641412-1892,"Patent CH-213442, applied in 1940, by Gustav Farner, Unbranded. Füllfederhalter.",CH-213442,Unbranded,1892,CH-213442,1940,Gustav Farner,Füllfederhalter.
1742641412-1893,"Patent US-2232231, applied in 1940, by O'Cal Hanson, W. A. Sheaffer Pen Company. Tip for a marking instrument.",US-2232231,W. A. Sheaffer Pen Company,1893,US-2232231,1940,O'Cal Hanson,A. Sheaffer Pen Company. Tip for a marking instrument.
1742641412-1894,"Patent US-2233846, applied in 1940, by Eldie E. Packard, Unbranded. Fountain pen.",US-2233846,Unbranded,1894,US-2233846,1940,Eldie E. Packard,Fountain pen.
1742641412-1895,"Patent GB-534657, applied in 1939, The Parker Pen Company. Fountain pen.",GB-534657,The Parker Pen Company,1895,,,,
1742641412-1896,"Patent GB-534683, applied in 1939, The Parker Pen Company. Fountain pen.",GB-534683,The Parker Pen Company,1896,,,,
1742641412-1897,"Patent FR-862566, applied in 1937, The Parker Pen Company. Stylographe.",FR-862566,The Parker Pen Company,1897,,,,
1742641412-1898,"Patent US-2236720, applied in 1940, by Oscar H. Senf, W. A. Sheaffer Pen Company. Tip for mechanical pencils or the like.",US-2236720,W. A. Sheaffer Pen Company,1898,US-2236720,1940,Oscar H. Senf,A. Sheaffer Pen Company. Tip for mechanical pencils or the like.
1742641412-1899,"Patent US-2237155, applied in 1940, by Morris M. Malis, Unbranded. Clip and cap structure for fountain pens.",US-2237155,Unbranded,1899,US-2237155,1940,Morris M. Malis,Clip and cap structure for fountain pens.
1742641412-1900,"Patent US-2239526, applied in 1940, by David Juelss, Venus. Reversible eraser tip.",US-2239526,Venus,1900,US-2239526,1940,David Juelss,Reversible eraser tip.
1742641412-1901,"Patent US-2241203, applied in 1937, by David Juelss, Frank Drews, Venus. Apparatus for making pencil leads.",US-2241203,Venus,1901,US-2241203,1937,David Juelss,Apparatus for making pencil leads.
1742641412-1902,"Patent US-2241846, applied in 1938, by William R. Cuthbert, W. A. Sheaffer Pen Company. Receptacle for liquids.",US-2241846,W. A. Sheaffer Pen Company,1902,US-2241846,1938,William R. Cuthbert,A. Sheaffer Pen Company. Receptacle for liquids.
1742641412-1903,"Patent US-2241850, applied in 1939, by William J. Gillet, Victor C. Sharp, W. A. Sheaffer Pen Company. Pressure bar for fountain pens.",US-2241850,W. A. Sheaffer Pen Company,1903,US-2241850,1939,William J. Gillet,"Sharp, W. A. Sheaffer Pen Company. Pressure bar for fountain pens."
1742641412-1904,"Patent US-2241852, applied in 1939, by Walter J. Guenther, W. A. Sheaffer Pen Company. Receptacle for fountain pens.",US-2241852,W. A. Sheaffer Pen Company,1904,US-2241852,1939,Walter J. Guenther,A. Sheaffer Pen Company. Receptacle for fountain pens.
1742641412-1905,"Patent US-2241865, applied in 1939, by Lynn P. Martin, Herman K. Stempel, W. A. Sheaffer Pen Company. Fountain pen.",US-2241865,W. A. Sheaffer Pen Company,1905,US-2241865,1939,Lynn P. Martin,"Stempel, W. A. Sheaffer Pen Company. Fountain pen."
1742641412-1906,"Patent US-D127598, applied in 1940, by Clark Gower, Unbranded. Design for a celluloid bullet pencil.",US-D127598,Unbranded,1906,US-D127598,1940,Clark Gower,Design for a celluloid bullet pencil.
1742641412-1907,"Patent GB-537269, applied in 1937, The Parker Pen Company. Fountain pen.",GB-537269,The Parker Pen Company,1907,,,,
1742641412-1908,"Patent CH-215680, applied in 1938, Mentmore. Stylographe.",CH-215680,Mentmore,1908,,,,
1742641412-1909,"Patent US-2249004, applied in 1935, by David Kahn, Julius Kahn, Wearever. Method of and apparatus for treating thermoplastic tubes.",US-2249004,Wearever,1909,US-2249004,1935,David Kahn,Method of and apparatus for treating thermoplastic tubes.
1742641412-1910,"Patent US-2249616, applied in 1940, by Lynn P. Martin, W. A. Sheaffer Pen Company. Reservoir desk stand.",US-2249616,W. A. Sheaffer Pen Company,1910,US-2249616,1940,Lynn P. Martin,A. Sheaffer Pen Company. Reservoir desk stand.
1742641412-1911,"Patent BE-441770, applied in 1941, by Friedrich Grube, Kaweco. Porte-mine à pression avec deux pinces à mine.",BE-441770,Kaweco,1911,BE-441770,1941,Friedrich Grube,Porte-mine à pression avec deux pinces à mine.
1742641412-1912,"Patent US-2252907, applied in 1941, by Arthur Winter, Dictator. Fountain pen.",US-2252907,Dictator,1912,US-2252907,1941,Arthur Winter,Fountain pen.
1742641412-1913,"Patent DE-709836, applied in 1940, by Heinrich Hebborn, Heinrich Schlicksupp, Luxor. Fülleinrichtung für Füllfederhalter mit verschiebbarem Kolben und einem Schlauchsack.",DE-709836,Luxor,1913,DE-709836,1940,Heinrich Hebborn,Fülleinrichtung für Füllfederhalter mit verschiebbarem Kolben und einem Schlauchsack.
1742641412-1914,"Patent US-2254975, applied in 1940, by Milton R. Pickus, The Parker Pen Company. Material for pen tips.",US-2254975,The Parker Pen Company,1914,US-2254975,1940,Milton R. Pickus,Material for pen tips.
1742641412-1915,"Patent US-2255093, applied in 1940, by George E. Ziegler, Wahl Eversharp. Fountain pen.",US-2255093,Wahl Eversharp,1915,US-2255093,1940,George E. Ziegler,Fountain pen.
1742641412-1916,"Patent US-2258030, applied in 1940, by John H. Oxley, Unbranded. Ink container.",US-2258030,Unbranded,1916,US-2258030,1940,John H. Oxley,Ink container.
1742641412-1917,"Patent US-2258841, applied in 1941, by Jozsef Laszlo Biro, Eterpen. Writing instrument.",US-2258841,Eterpen,1917,US-2258841,1941,Jozsef Laszlo Biro,Writing instrument.
1742641412-1918,"Patent US-2260571, applied in 1940, by Glenn E. Johndohl, Unbranded. Fountain pen.",US-2260571,Unbranded,1918,US-2260571,1940,Glenn E. Johndohl,Fountain pen.
1742641412-1919,"Patent US-D130356, applied in 1941, by Charles K. Lovejoy, Moore Pen Company. Design for a fountain pen.",US-D130356,Moore Pen Company,1919,US-D130356,1941,Charles K. Lovejoy,Design for a fountain pen.
1742641412-1920,"Patent GB-541190, applied in 1940, by Henry Frankel, Mentmore. Improvements in or relating to fountain pens, propelling pencils and the like.",GB-541190,Mentmore,1920,GB-541190,1940,Henry Frankel,"Improvements in or relating to fountain pens, propelling pencils and the like."
1742641412-1921,"Patent US-2263299, applied in 1939, by Benjamin W. Hanle, Eagle. Fountain pen.",US-2263299,Eagle,1921,US-2263299,1939,Benjamin W. Hanle,Fountain pen.
1742641412-1922,"Patent DE-714769, applied in 1939, by Wilhelm Schäfer, Osmia. Druckfuellbleistift mit einer Minenfoerderklemmzange.",DE-714769,Osmia,1922,DE-714769,1939,Wilhelm Schäfer,Druckfuellbleistift mit einer Minenfoerderklemmzange.
1742641412-1923,"Patent US-2267147, applied in 1939, by Marlin S. Baker, The Parker Pen Company. Process for manufacturing pen nibs.",US-2267147,The Parker Pen Company,1923,US-2267147,1939,Marlin S. Baker,Process for manufacturing pen nibs.
1742641412-1924,"Patent US-D130997, applied in 1941, by Lynn P. Martin, Wilbur K. Olson, W. A. Sheaffer Pen Company. Design for a fountain pen point.",US-D130997,W. A. Sheaffer Pen Company,1924,US-D130997,1941,Lynn P. Martin,"Olson, W. A. Sheaffer Pen Company. Design for a fountain pen point."
1742641412-1925,"Patent US-D130998, applied in 1941, by Lynn P. Martin, Wilbur K. Olson, W. A. Sheaffer Pen Company. Design for a fountain pen.",US-D130998,W. A. Sheaffer Pen Company,1925,US-D130998,1941,Lynn P. Martin,"Olson, W. A. Sheaffer Pen Company. Design for a fountain pen."
1742641412-1926,"Patent US-D130999, applied in 1941, by Lynn P. Martin, Wilbur K. Olson, W. A. Sheaffer Pen Company. Design for a fountain pen.",US-D130999,W. A. Sheaffer Pen Company,1926,US-D130999,1941,Lynn P. Martin,"Olson, W. A. Sheaffer Pen Company. Design for a fountain pen."
1742641412-1927,"Patent US-D131000, applied in 1941, by Lynn P. Martin, Wilbur K. Olson, W. A. Sheaffer Pen Company. Design for a fountain pen.",US-D131000,W. A. Sheaffer Pen Company,1927,US-D131000,1941,Lynn P. Martin,"Olson, W. A. Sheaffer Pen Company. Design for a fountain pen."
1742641412-1928,"Patent US-2272674, applied in 1940, by Otto J. Kehr, Unbranded. Safety clasp.",US-2272674,Unbranded,1928,US-2272674,1940,Otto J. Kehr,Safety clasp.
1742641412-1929,"Patent CH-219430, applied in 1940, by Gregor Miltner, Osmia. Druckfuellbleistift.",CH-219430,Osmia,1929,CH-219430,1940,Gregor Miltner,Druckfuellbleistift.
1742641412-1930,"Patent US-2274393, applied in 1940, by Frank C. Alexander, Wahl Eversharp. Retaining clasp.",US-2274393,Wahl Eversharp,1930,US-2274393,1940,Frank C. Alexander,Retaining clasp.
1742641412-1931,"Patent US-2274470, applied in 1941, by Farnham F. Boyle, William H. Lindemon, W. A. Sheaffer Pen Company. Fountain pen.",US-2274470,W. A. Sheaffer Pen Company,1931,US-2274470,1941,Farnham F. Boyle,"Lindemon, W. A. Sheaffer Pen Company. Fountain pen."
1742641412-1932,"Patent CH-220232, applied in 1941, by Friedrich Grube, Kaweco. Druckfüllbleistift mit zwei Minenklemmzangen.",CH-220232,Kaweco,1932,CH-220232,1941,Friedrich Grube,Druckfüllbleistift mit zwei Minenklemmzangen.
1742641412-1933,"Patent FR-871035, applied in 1941, Montblanc. Porte-mine.",FR-871035,Montblanc,1933,,,,
1742641412-1934,"Patent US-2278907, applied in 1940, by Marlin S. Baker, The Parker Pen Company. Fountain pen.",US-2278907,The Parker Pen Company,1934,US-2278907,1940,Marlin S. Baker,Fountain pen.
1742641412-1935,"Patent US-2279803, applied in 1941, by Aniceto R. Visitacion, Unbranded. Security clip.",US-2279803,Unbranded,1935,US-2279803,1941,Aniceto R. Visitacion,Security clip.
1742641412-1936,"Patent US-2282840, applied in 1941, by Russell T. Wing, The Parker Pen Company. Fountain pen.",US-2282840,The Parker Pen Company,1936,US-2282840,1941,Russell T. Wing,Fountain pen.
1742641412-1937,"Patent US-2283333, applied in 1941, by Lynn P. Martin, W. A. Sheaffer Pen Company. Fountain pen.",US-2283333,W. A. Sheaffer Pen Company,1937,US-2283333,1941,Lynn P. Martin,A. Sheaffer Pen Company. Fountain pen.
1742641412-1938,"Patent US-D132663, applied in 1940, by Henry Dreyfuss, Wahl Eversharp. Design for a fountain pen or similar article.",US-D132663,Wahl Eversharp,1938,US-D132663,1940,Henry Dreyfuss,Design for a fountain pen or similar article.
1742641412-1939,"Patent US-D132664, applied in 1941, by Henry Dreyfuss, Wahl Eversharp. Design for a fountain pen or similar article.",US-D132664,Wahl Eversharp,1939,US-D132664,1941,Henry Dreyfuss,Design for a fountain pen or similar article.
1742641412-1940,"Patent US-2286878, applied in 1941, by Ivan D. Tefft, Marlin S. Baker, The Parker Pen Company. Adjustable eraser holder.",US-2286878,The Parker Pen Company,1940,US-2286878,1941,Ivan D. Tefft,"Baker, The Parker Pen Company. Adjustable eraser holder."
1742641412-1941,"Patent FR-873073, applied in 1941, by Friedrich Grube, Kaweco. Porte-mine à pression avec deux pinces à mine.",FR-873073,Kaweco,1941,FR-873073,1941,Friedrich Grube,Porte-mine à pression avec deux pinces à mine.
1742641412-1942,"Patent US-2289963, applied in 1940, by Benjamin W. Hanle, Eagle. Fountain pen.",US-2289963,Eagle,1942,US-2289963,1940,Benjamin W. Hanle,Fountain pen.
1742641412-1943,"Patent US-2292381, applied in 1940, by Henry C. Klagges, Esterbrook. Fountain pen feed.",US-2292381,Esterbrook,1943,US-2292381,1940,Henry C. Klagges,Fountain pen feed.
1742641412-1944,"Patent US-2292683, applied in 1941, by Hans Alwin Bauer, Autopoint. Clip and cap for mechanical pencils, fountain pens, and the like.",US-2292683,Autopoint,1944,US-2292683,1941,Hans Alwin Bauer,"Clip and cap for mechanical pencils, fountain pens, and the like."
1742641412-1945,"Patent US-2293343, applied in 1939, by Doyle P. Jacobs, Unbranded. Mechanical pencil.",US-2293343,Unbranded,1945,US-2293343,1939,Doyle P. Jacobs,Mechanical pencil.
1742641412-1946,"Patent US-2293621, applied in 1940, by John William Para, Julius Kahn, Wearever. Mechanical pencil.",US-2293621,Wearever,1946,US-2293621,1940,John William Para,Mechanical pencil.
1742641412-1947,"Patent US-2293622, applied in 1940, by John William Para, Wearever. Mechanical pencil.",US-2293622,Wearever,1947,US-2293622,1940,John William Para,Mechanical pencil.
1742641412-1948,"Patent US-2293623, applied in 1940, by John William Para, Wearever. Mechanical pencil.",US-2293623,Wearever,1948,US-2293623,1940,John William Para,Mechanical pencil.
1742641412-1949,"Patent DE-726251, applied in 1940, Mars Staedtler. Füllhalter mit einem Saugkolben an einer rohrförmigen, mit Gewinde versehenen Kolbenstange.",DE-726251,Mars Staedtler,1949,,,,
1742641412-1950,"Patent DE-727003, applied in 1940, by Gregor Miltner, Osmia. Druckfuellbleistift.",DE-727003,Osmia,1950,DE-727003,1940,Gregor Miltner,Druckfuellbleistift.
1742641412-1951,"Patent FR-876230, applied in 1941, Stylomine. Plumes à écrire.",FR-876230,Stylomine,1951,,,,
1742641412-1952,"Patent US-2303373, applied in 1941, by Lynn P. Martin, W. A. Sheaffer Pen Company. Fountain pen.",US-2303373,W. A. Sheaffer Pen Company,1952,US-2303373,1941,Lynn P. Martin,A. Sheaffer Pen Company. Fountain pen.
1742641412-1953,"Patent US-2303374, applied in 1941, by Lynn P. Martin, W. A. Sheaffer Pen Company. Fountain pen.",US-2303374,W. A. Sheaffer Pen Company,1953,US-2303374,1941,Lynn P. Martin,A. Sheaffer Pen Company. Fountain pen.
1742641412-1954,"Patent US-2304832, applied in 1940, by Harry C. Kofke, Henry C. Klagges, Esterbrook. Ink feeding means for writing pens.",US-2304832,Esterbrook,1954,US-2304832,1940,Harry C. Kofke,"Klagges, Esterbrook. Ink feeding means for writing pens."
1742641412-1955,"Patent US-2305287, applied in 1942, by Norman E. Weigel, Wearever. Fountain pen.",US-2305287,Wearever,1955,US-2305287,1942,Norman E. Weigel,Fountain pen.
1742641412-1956,"Patent US-2308658, applied in 1941, by Otto Jendresen, The Parker Pen Company. Apparatus for tipping metal bases with metal tips.",US-2308658,The Parker Pen Company,1956,US-2308658,1941,Otto Jendresen,Apparatus for tipping metal bases with metal tips.
1742641412-1957,"Patent US-2308659, applied in 1941, by Otto Jendresen, The Parker Pen Company. Apparatus for tipping metal bases with metal tips.",US-2308659,The Parker Pen Company,1957,US-2308659,1941,Otto Jendresen,Apparatus for tipping metal bases with metal tips.
1742641412-1958,"Patent US-2308810, applied in 1942, by Philip C. Hull, The Parker Pen Company. Desk set mounting.",US-2308810,The Parker Pen Company,1958,US-2308810,1942,Philip C. Hull,Desk set mounting.
1742641412-1959,"Patent FR-879518, applied in 1942, Bayard. Plume de stylographe.",FR-879518,Bayard,1959,,,,
1742641412-1960,"Patent FR-879582, applied in 1941, Stylomine. Nouveau conduit d'amenée d'encre pour stylographe.",FR-879582,Stylomine,1960,,,,
1742641412-1961,"Patent US-2312928, applied in 1941, by John William Para, Wearever. Tool for assembling mechanical pencils.",US-2312928,Wearever,1961,US-2312928,1941,John William Para,Tool for assembling mechanical pencils.
1742641412-1962,"Patent DE-732603, applied in 1938, by Gregor Miltner et al, Faber-Castell. Kolben für Füllfederhalter.",DE-732603,Faber-Castell,1962,DE-732603,1938,Gregor Miltner et al,Kolben für Füllfederhalter.
1742641412-1963,"Patent US-2314551, applied in 1941, by Wilbur K. Olson, W. A. Sheaffer Pen Company. Fountain pen.",US-2314551,W. A. Sheaffer Pen Company,1963,US-2314551,1941,Wilbur K. Olson,A. Sheaffer Pen Company. Fountain pen.
1742641412-1964,"Patent US-2314562, applied in 1941, by Walter A. Sheaffer, W. A. Sheaffer Pen Company. Pour-out closure.",US-2314562,W. A. Sheaffer Pen Company,1964,US-2314562,1941,Walter A. Sheaffer,A. Sheaffer Pen Company. Pour-out closure.
1742641412-1965,"Patent US-2314563, applied in 1942, by Herman K. Stempel, Robert E. Freeman, W. A. Sheaffer Pen Company. Fountain pen.",US-2314563,W. A. Sheaffer Pen Company,1965,US-2314563,1942,Herman K. Stempel,"Freeman, W. A. Sheaffer Pen Company. Fountain pen."
1742641412-1966,"Patent US-D135448, applied in 1943, by Salomon M. Sager, Sager. Fountain pen section or similar article.",US-D135448,Sager,1966,US-D135448,1943,Salomon M. Sager,Fountain pen section or similar article.
1742641412-1967,"Patent US-2316478, applied in 1941, by Norman E. Weigel, Wearever. Pen point material.",US-2316478,Wearever,1967,US-2316478,1941,Norman E. Weigel,Pen point material.
1742641412-1968,"Patent US-2316479, applied in 1942, by Norman E. Weigel, Wearever. Fountain pen.",US-2316479,Wearever,1968,US-2316479,1942,Norman E. Weigel,Fountain pen.
1742641412-1969,"Patent US-D135498, applied in 1943, by Norman E. Weigel, Wearever. Design for a fountain pen.",US-D135498,Wearever,1969,US-D135498,1943,Norman E. Weigel,Design for a fountain pen.
1742641412-1970,"Patent US-2318950, applied in 1940, by James J. Larmour, Chilton. Cap and clip for fountain pens.",US-2318950,Chilton,1970,US-2318950,1940,James J. Larmour,Cap and clip for fountain pens.
1742641412-1971,"Patent US-2318977, applied in 1940, by Milford G. Sypher, Chilton. Machine for inlaying.",US-2318977,Chilton,1971,US-2318977,1940,Milford G. Sypher,Machine for inlaying.
1742641412-1972,"Patent FR-881937, applied in 1941, Soennecken. Portemine à réservoir de mines et à poussoir.",FR-881937,Soennecken,1972,,,,
1742641412-1973,"Patent FR-51854E, applied in 1941, Stylomine. Nouveau conduit d'amenée d'encre pour stylographe.",FR-51854E,Stylomine,1973,,,,
1742641412-1974,"Patent US-2319802, applied in 1940, by Henry Dreyfuss, Wahl Eversharp. Ornamental tubing.",US-2319802,Wahl Eversharp,1974,US-2319802,1940,Henry Dreyfuss,Ornamental tubing.
1742641412-1975,"Patent FR-883238, applied in 1942, Stylomine. Pince articulée pour stylographes, porte-mines ou objets analogues.",FR-883238,Stylomine,1975,,,,
1742641412-1976,"Patent US-D135890, applied in 1942, by David Kahn, Wearever. Design for a fountain pen and pencil clip or the like.",US-D135890,Wearever,1976,US-D135890,1942,David Kahn,Design for a fountain pen and pencil clip or the like.
1742641412-1977,"Patent US-2325069, applied in 1942, by Fred P. Moore, Wahl Eversharp. Fountain pen.",US-2325069,Wahl Eversharp,1977,US-2325069,1942,Fred P. Moore,Fountain pen.
1742641412-1978,"Patent US-2325550, applied in 1942, by Salomon M. Sager, Sager. Fountain pen.",US-2325550,Sager,1978,US-2325550,1942,Salomon M. Sager,Fountain pen.
1742641412-1979,"Patent US-2328116, applied in 1942, by Norman E. Weigel, Wearever. Fountain pen.",US-2328116,Wearever,1979,US-2328116,1942,Norman E. Weigel,Fountain pen.
1742641412-1980,"Patent US-2328143, applied in 1942, by Benjamin W. Hanle, Eagle. Fountain pen.",US-2328143,Eagle,1980,US-2328143,1942,Benjamin W. Hanle,Fountain pen.
1742641412-1981,"Patent DE-738888, applied in 1940, by Theodor Kovacs, Günther Wagner - Pelikan. Fuellfederhalter mit Schreibrohr.",DE-738888,Günther Wagner - Pelikan,1981,DE-738888,1940,Theodor Kovacs,Fuellfederhalter mit Schreibrohr.
1742641412-1982,"Patent US-2328580, applied in 1941, by Milton R. Pickus, The Parker Pen Company. Ruthenium alloy pen point.",US-2328580,The Parker Pen Company,1982,US-2328580,1941,Milton R. Pickus,Ruthenium alloy pen point.
1742641412-1983,"Patent CH-228675, applied in 1941, Météore - La Plume d'Or. Porte-plume à réservoir.",CH-228675,Météore - La Plume d'Or,1983,,,,
1742641412-1984,"Patent DE-739296, applied in 1939, by Emil Ghüne, Soennecken. Druckfuellhalter.",DE-739296,Soennecken,1984,DE-739296,1939,Emil Ghüne,Druckfuellhalter.
1742641412-1985,"Patent US-2329996, applied in 1942, by Silio Lubrani, Unbranded. Fountain pen.",US-2329996,Unbranded,1985,US-2329996,1942,Silio Lubrani,Fountain pen.
1742641412-1986,"Patent FR-886249, applied in 1941, Montblanc. Porte-plume réservoir avec piston à vis.",FR-886249,Montblanc,1986,,,,
1742641412-1987,"Patent US-2331606, applied in 1942, by Benjamin W. Hanle, Eagle. Fountain pen.",US-2331606,Eagle,1987,US-2331606,1942,Benjamin W. Hanle,Fountain pen.
1742641412-1988,"Patent CH-229209, applied in 1941, Montblanc. Füllfederhalter mit Schraubkolben.",CH-229209,Montblanc,1988,,,,
1742641412-1989,"Patent DE-741104, applied in 1939, by Emil Ghüne, Soennecken. Fuellhalter mit Fuellkolben.",DE-741104,Soennecken,1989,DE-741104,1939,Emil Ghüne,Fuellhalter mit Fuellkolben.
1742641412-1990,"Patent DE-741772, applied in 1937, by August Leistenschneider, Montblanc. Druckfüllbleistift mit einem durch ein unter Federwirkung stehendes Vorschubrohr längs verschiebbaren Spitzenkörper.",DE-741772,Montblanc,1990,DE-741772,1937,August Leistenschneider,Druckfüllbleistift mit einem durch ein unter Federwirkung stehendes Vorschubrohr längs verschiebbaren Spitzenkörper.
1742641412-1991,"Patent US-2335223, applied in 1943, by Norman E. Weigel, Wearever. Fountain pen.",US-2335223,Wearever,1991,US-2335223,1943,Norman E. Weigel,Fountain pen.
1742641412-1992,"Patent US-2337343, applied in 1941, by John William Para, Wearever. Pen.",US-2337343,Wearever,1992,US-2337343,1941,John William Para,Pen.
1742641412-1993,"Patent US-2338947, applied in 1941, by Theodor Kovacs, Günther Wagner - Pelikan. Fountain pen.",US-2338947,Günther Wagner - Pelikan,1993,US-2338947,1941,Theodor Kovacs,Fountain pen.
1742641412-1994,"Patent US-2339079, applied in 1941, by Otto Jendresen, The Parker Pen Company. Apparatus for tipping metal bases with metal tips.",US-2339079,The Parker Pen Company,1994,US-2339079,1941,Otto Jendresen,Apparatus for tipping metal bases with metal tips.
1742641412-1995,"Patent US-2339290, applied in 1941, by John William Para, Wearever. Mechanical pencil.",US-2339290,Wearever,1995,US-2339290,1941,John William Para,Mechanical pencil.
1742641412-1996,"Patent DE-744671, applied in 1941, by Erhard Sattmann, Faber-Castell. Fallgewicht aus tintenbestaendigem Werkstoff fuer die Schreibnadel von Fuellhaltern.",DE-744671,Faber-Castell,1996,DE-744671,1941,Erhard Sattmann,Fallgewicht aus tintenbestaendigem Werkstoff fuer die Schreibnadel von Fuellhaltern.
1742641412-1997,"Patent FR-889907, applied in 1942, Météore - La Plume d'Or. Perfectionnements aux porte-plume à réservoir.",FR-889907,Météore - La Plume d'Or,1997,,,,
1742641412-1998,"Patent US-2339860, applied in 1942, by David Kahn, John William Para, Wearever. Fountain pen.",US-2339860,Wearever,1998,US-2339860,1942,David Kahn,Fountain pen.
1742641412-1999,"Patent US-2340359, applied in 1941, by George E. Ziegler, Wahl Eversharp. Fountain pen.",US-2340359,Wahl Eversharp,1999,US-2340359,1941,George E. Ziegler,Fountain pen.
1742641412-2000,"Patent US-2343991, applied in 1942, by David F. Mohns, The Parker Pen Company. Filling mechanism for fountain pens.",US-2343991,The Parker Pen Company,2000,US-2343991,1942,David F. Mohns,Filling mechanism for fountain pens.
1742641412-2001,"Patent US-D138032, applied in 1944, by Victor H. Severy, Scripto. Fountain pen.",US-D138032,Scripto,2001,US-D138032,1944,Victor H. Severy,Fountain pen.
1742641412-2002,"Patent US-D137660, applied in 1944, by Victor H. Severy, Scripto. Fountain pen.",US-D137660,Scripto,2002,US-D137660,1944,Victor H. Severy,Fountain pen.
1742641412-2003,"Patent US-D137860, applied in 1944, by George D. Cloutier, Wahl Eversharp. Design for a fountain pen.",US-D137860,Wahl Eversharp,2003,US-D137860,1944,George D. Cloutier,Design for a fountain pen.
1742641412-2004,"Patent US-D137866, applied in 1943, by Raymond Loewy, Wahl Eversharp. Design for a casing for writing implement or the like.",US-D137866,Wahl Eversharp,2004,US-D137866,1943,Raymond Loewy,Design for a casing for writing implement or the like.
1742641412-2005,"Patent US-D137867, applied in 1943, by Raymond Loewy, Wahl Eversharp. Design for a casing for writing implement or the like.",US-D137867,Wahl Eversharp,2005,US-D137867,1943,Raymond Loewy,Design for a casing for writing implement or the like.
1742641412-2006,"Patent CH-232147, applied in 1941, Günther Wagner - Pelikan. Schraubkolbenfüllfederhalter.",CH-232147,Günther Wagner - Pelikan,2006,,,,
1742641412-2007,"Patent US-2349553, applied in 1943, by David Juelss, Venus. Mechanical pencil.",US-2349553,Venus,2007,US-2349553,1943,David Juelss,Mechanical pencil.
1742641412-2008,"Patent CH-232386, applied in 1941, Günther Wagner - Pelikan. Schraubkolbenfüllfederhalter.",CH-232386,Günther Wagner - Pelikan,2008,,,,
1742641412-2009,"Patent CH-232636, applied in 1941, Faber-Castell. Füllfederhalter mit Schraubkolben und unverlierbarem Drehknopf.",CH-232636,Faber-Castell,2009,,,,
1742641412-2010,"Patent US-2353177, applied in 1942, by Fred P. Moore, Wahl Eversharp. Mechanical pencil.",US-2353177,Wahl Eversharp,2010,US-2353177,1942,Fred P. Moore,Mechanical pencil.
1742641412-2011,"Patent US-D138346, applied in 1943, by David Kahn, Wearever. Design for a fountain pen.",US-D138346,Wearever,2011,US-D138346,1943,David Kahn,Design for a fountain pen.
1742641412-2012,"Patent DK-62545C, applied in 1941, Kaweco. Trykfyldeblyant med to Gribere.",DK-62545C,Kaweco,2012,,,,
1742641412-2013,"Patent DE-746437, applied in 1936, Montblanc. Kolbenfüllfederhalter mit einer aus drei oder mehr teleskopartig ineinanderschraubbaren Gliedern bestehenden Kolbenstange.",DE-746437,Montblanc,2013,,,,
1742641412-2014,"Patent US-2356109, applied in 1942, by Joseph Wallace, Inkograph. Fountain pen.",US-2356109,Inkograph,2014,US-2356109,1942,Joseph Wallace,Fountain pen.
1742641412-2015,"Patent NL-56798C, applied in 1941, Kaweco. Vulpotlood met stapsgewijzen aanvoer, voorzien van een verschuifbaar klemlichaam met twee klembekken en een vast aangebracht wrijvingsorgaan.",NL-56798C,Kaweco,2015,,,,
1742641412-2016,"Patent US-D138499, applied in 1944, by Garfield L. Beckstrom, Autopoint. Mechanical pencil or similar article.",US-D138499,Autopoint,2016,US-D138499,1944,Garfield L. Beckstrom,Mechanical pencil or similar article.
1742641412-2017,"Patent US-D138502, applied in 1944, by Garfield L. Beckstrom, Autopoint. Mechanical pencil or similar article.",US-D138502,Autopoint,2017,US-D138502,1944,Garfield L. Beckstrom,Mechanical pencil or similar article.
1742641412-2018,"Patent US-2358091, applied in 1944, by Charles K. Lovejoy, Moore Pen Company. Mechanical pencil.",US-2358091,Moore Pen Company,2018,US-2358091,1944,Charles K. Lovejoy,Mechanical pencil.
1742641412-2019,"Patent DE-718495, applied in 1937, by Heinrich Woringen, Robert Nitzsche, Kaweco. Druckfuellbleistift mit zwei Minenklemmzangen.",DE-718495,Kaweco,2019,DE-718495,1937,Heinrich Woringen,Druckfuellbleistift mit zwei Minenklemmzangen.
1742641412-2020,"Patent US-2360297, applied in 1944, by Russell T. Wing, The Parker Pen Company. Fountain pen.",US-2360297,The Parker Pen Company,2020,US-2360297,1944,Russell T. Wing,Fountain pen.
1742641412-2021,"Patent US-2362905, applied in 1941, by Orville E. Kuhlman, W. A. Sheaffer Pen Company. Pour-out closure.",US-2362905,W. A. Sheaffer Pen Company,2021,US-2362905,1941,Orville E. Kuhlman,A. Sheaffer Pen Company. Pour-out closure.
1742641412-2022,"Patent US-2362948, applied in 1943, by Walter D. Teague Jr et al, W. A. Sheaffer Pen Company. Fountain pen.",US-2362948,W. A. Sheaffer Pen Company,2022,US-2362948,1943,Walter D. Teague Jr et al,A. Sheaffer Pen Company. Fountain pen.
1742641412-2023,"Patent US-D139551, applied in 1943, by Raymond Loewy, Wahl Eversharp. Design for a clasp for fontain pen or similar article.",US-D139551,Wahl Eversharp,2023,US-D139551,1943,Raymond Loewy,Design for a clasp for fontain pen or similar article.
1742641412-2024,"Patent US-2365473, applied in 1942, by David Kahn, John William Para, Wearever. Writing instrument assemblage.",US-2365473,Wearever,2024,US-2365473,1942,David Kahn,Writing instrument assemblage.
1742641412-2025,"Patent US-2365880, applied in 1944, by David Juelss, Venus. Mechanical pencil.",US-2365880,Venus,2025,US-2365880,1944,David Juelss,Mechanical pencil.
1742641412-2026,"Patent US-D139839, applied in 1944, by Arthur Winter, Dictator. Design for a fountain pen.",US-D139839,Dictator,2026,US-D139839,1944,Arthur Winter,Design for a fountain pen.
1742641412-2027,"Patent US-2368425, applied in 1944, by Benjamin F. Reynolds, Unbranded. Fountain pen.",US-2368425,Unbranded,2027,US-2368425,1944,Benjamin F. Reynolds,Fountain pen.
1742641412-2028,"Patent US-D140151, applied in 1944, by Arthur Winter, Dictator. Design for a fountain pen.",US-D140151,Dictator,2028,US-D140151,1944,Arthur Winter,Design for a fountain pen.
1742641412-2029,"Patent US-D140695, applied in 1944, by Charles K. Lovejoy, Moore Pen Company. Design for a pen point.",US-D140695,Moore Pen Company,2029,US-D140695,1944,Charles K. Lovejoy,Design for a pen point.
1742641412-2030,"Patent US-D140696, applied in 1944, by Charles K. Lovejoy, Moore Pen Company. Design for a pen section for a fountain pen.",US-D140696,Moore Pen Company,2030,US-D140696,1944,Charles K. Lovejoy,Design for a pen section for a fountain pen.
1742641412-2031,"Patent US-D140697, applied in 1944, by Charles K. Lovejoy, Moore Pen Company. Design for a fountain pen barrel.",US-D140697,Moore Pen Company,2031,US-D140697,1944,Charles K. Lovejoy,Design for a fountain pen barrel.
1742641412-2032,"Patent US-2375770, applied in 1943, by Arthur O. Dahlberg, The Parker Pen Company. Fountain pen.",US-2375770,The Parker Pen Company,2032,US-2375770,1943,Arthur O. Dahlberg,Fountain pen.
1742641412-2033,"Patent CH-237639, applied in 1942, Météore - La Plume d'Or. Porte-plume à réservoir.",CH-237639,Météore - La Plume d'Or,2033,,,,
1742641412-2034,"Patent GB-569286, applied in 1943, by Arthur E. Andrews, William F. Johnson, Mentmore. Improvements in or relating to ink reservoir pens.",GB-569286,Mentmore,2034,GB-569286,1943,Arthur E. Andrews,"Johnson, Mentmore. Improvements in or relating to ink reservoir pens."
1742641412-2035,"Patent DK-63549, applied in 1942, by Aktieselsksbet Kores, Unbranded. Blaekhus.",DK-63549,Unbranded,2035,DK-63549,1942,Aktieselsksbet Kores,Blaekhus.
1742641412-2036,"Patent US-2377444, applied in 1942, by John William Para, Karl Weisser, Wearever. Fountain pen presser bar and method of producing the same.",US-2377444,Wearever,2036,US-2377444,1942,John William Para,Fountain pen presser bar and method of producing the same.
1742641412-2037,"Patent US-D141588, applied in 1945, by David Kahn, Wearever. Design for a fountain pen.",US-D141588,Wearever,2037,US-D141588,1945,David Kahn,Design for a fountain pen.
1742641412-2038,"Patent GB-570091, applied in 1943, by Eric Ernest Samuel Wade, Sydney Alfred Jones, Lang - Curzon - Summit. Improvements in flow testing apparatus.",GB-570091,Lang - Curzon - Summit,2038,GB-570091,1943,Eric Ernest Samuel Wade,Improvements in flow testing apparatus.
1742641412-2039,"Patent US-D141747, applied in 1945, by Arthur Winter, Dictator. Design for a nib section for a fountain pen or similar article.",US-D141747,Dictator,2039,US-D141747,1945,Arthur Winter,Design for a nib section for a fountain pen or similar article.
1742641412-2040,"Patent US-D138345, applied in 1943, by David Kahn, Wearever. Design for a pencil.",US-D138345,Wearever,2040,US-D138345,1943,David Kahn,Design for a pencil.
1742641412-2041,"Patent US-2380763, applied in 1944, by David Juelss, Venus. Feed for fountain pens.",US-2380763,Venus,2041,US-2380763,1944,David Juelss,Feed for fountain pens.
1742641412-2042,"Patent US-D142170, applied in 1945, by David Juelss, Venus. Design for a nib section for a fountain pens.",US-D142170,Venus,2042,US-D142170,1945,David Juelss,Design for a nib section for a fountain pens.
1742641412-2043,"Patent US-D142381, applied in 1944, by Ned T. Fish, Lynn P. Martin, W. A. Sheaffer Pen Company. Design for a fountain pen.",US-D142381,W. A. Sheaffer Pen Company,2043,US-D142381,1944,Ned T. Fish,"Martin, W. A. Sheaffer Pen Company. Design for a fountain pen."
1742641412-2044,"Patent US-D142382, applied in 1944, by Ned T. Fish, Lynn P. Martin, W. A. Sheaffer Pen Company. Design for a fountain pen.",US-D142382,W. A. Sheaffer Pen Company,2044,US-D142382,1944,Ned T. Fish,"Martin, W. A. Sheaffer Pen Company. Design for a fountain pen."
1742641412-2045,"Patent US-D142383, applied in 1944, by Lynn P. Martin, W. A. Sheaffer Pen Company. Design for a fountain pen.",US-D142383,W. A. Sheaffer Pen Company,2045,US-D142383,1944,Lynn P. Martin,A. Sheaffer Pen Company. Design for a fountain pen.
1742641412-2046,"Patent US-D142384, applied in 1944, by Lynn P. Martin, W. A. Sheaffer Pen Company. Design for a fountain pen.",US-D142384,W. A. Sheaffer Pen Company,2046,US-D142384,1944,Lynn P. Martin,A. Sheaffer Pen Company. Design for a fountain pen.
1742641412-2047,"Patent US-D142386, applied in 1944, by Wilbur K. Olson, W. A. Sheaffer Pen Company. Design for a fountain pen.",US-D142386,W. A. Sheaffer Pen Company,2047,US-D142386,1944,Wilbur K. Olson,A. Sheaffer Pen Company. Design for a fountain pen.
1742641412-2048,"Patent US-D142387, applied in 1944, by Wilbur K. Olson, W. A. Sheaffer Pen Company. Design for a fountain pen.",US-D142387,W. A. Sheaffer Pen Company,2048,US-D142387,1944,Wilbur K. Olson,A. Sheaffer Pen Company. Design for a fountain pen.
1742641412-2049,"Patent US-D142388, applied in 1944, by Wilbur K. Olson, W. A. Sheaffer Pen Company. Design for a fountain pen.",US-D142388,W. A. Sheaffer Pen Company,2049,US-D142388,1944,Wilbur K. Olson,A. Sheaffer Pen Company. Design for a fountain pen.
1742641412-2050,"Patent US-D142389, applied in 1944, by Wilbur K. Olson, W. A. Sheaffer Pen Company. Design for a fountain pen.",US-D142389,W. A. Sheaffer Pen Company,2050,US-D142389,1944,Wilbur K. Olson,A. Sheaffer Pen Company. Design for a fountain pen.
1742641412-2051,"Patent US-D142390, applied in 1944, by Wilbur K. Olson, Lynn P. Martin, W. A. Sheaffer Pen Company. Design for a fountain pen.",US-D142390,W. A. Sheaffer Pen Company,2051,US-D142390,1944,Wilbur K. Olson,"Martin, W. A. Sheaffer Pen Company. Design for a fountain pen."
1742641412-2052,"Patent US-D142391, applied in 1944, by Wilbur K. Olson, Lynn P. Martin, W. A. Sheaffer Pen Company. Design for a desk pen.",US-D142391,W. A. Sheaffer Pen Company,2052,US-D142391,1944,Wilbur K. Olson,"Martin, W. A. Sheaffer Pen Company. Design for a desk pen."
1742641412-2053,"Patent US-D142392, applied in 1944, by Farnham F. Boyle, W. A. Sheaffer Pen Company. Design for a fountain pen.",US-D142392,W. A. Sheaffer Pen Company,2053,US-D142392,1944,Farnham F. Boyle,A. Sheaffer Pen Company. Design for a fountain pen.
1742641412-2054,"Patent US-2386500, applied in 1943, by Kenneth S. Parker, The Parker Pen Company. Desk set.",US-2386500,The Parker Pen Company,2054,US-2386500,1943,Kenneth S. Parker,Desk set.
1742641412-2055,"Patent US-2387001, applied in 1944, by Marlin S. Baker, The Parker Pen Company. Fountain pen.",US-2387001,The Parker Pen Company,2055,US-2387001,1944,Marlin S. Baker,Fountain pen.
1742641412-2056,"Patent US-D142751, applied in 1945, by Joseph Tully, Eclipse. Design for a writing tip section of a fountain pen.",US-D142751,Eclipse,2056,US-D142751,1945,Joseph Tully,Design for a writing tip section of a fountain pen.
1742641412-2057,"Patent US-D143176, applied in 1945, by John N. Whitehouse, Unbranded. Fountain pen.",US-D143176,Unbranded,2057,US-D143176,1945,John N. Whitehouse,Fountain pen.
1742641412-2058,"Patent GB-573545, applied in 1943, by Eric Ernest Samuel Wade, Sydney Alfred Jones, Lang - Curzon - Summit. Improvements in and relating to immersion testing apparatus.",GB-573545,Lang - Curzon - Summit,2058,GB-573545,1943,Eric Ernest Samuel Wade,Improvements in and relating to immersion testing apparatus.
1742641412-2059,"Patent US-2390541, applied in 1943, by Henry C. Klagges, Esterbrook. Writing implement.",US-2390541,Esterbrook,2059,US-2390541,1943,Henry C. Klagges,Writing implement.
1742641412-2060,"Patent US-D143508, applied in 1945, by Milton Reynolds, Reynolds. Fountain pen.",US-D143508,Reynolds,2060,US-D143508,1945,Milton Reynolds,Fountain pen.
1742641412-2061,"Patent US-2392942, applied in 1944, by Lester W. Ormsby, The Parker Pen Company. Fountain pen cap construction.",US-2392942,The Parker Pen Company,2061,US-2392942,1944,Lester W. Ormsby,Fountain pen cap construction.
1742641412-2062,"Patent US-2393250, applied in 1944, by David Juelss, Venus. Fountain pen.",US-2393250,Venus,2062,US-2393250,1944,David Juelss,Fountain pen.
1742641412-2063,"Patent US-2393251, applied in 1944, by David Juelss, Venus. Fountain pen.",US-2393251,Venus,2063,US-2393251,1944,David Juelss,Fountain pen.
1742641412-2064,"Patent GB-575341, applied in 1944, by Edward Stephen Sears, Swan. Improvements in or relating to fountain pens.",GB-575341,Swan,2064,GB-575341,1944,Edward Stephen Sears,Improvements in or relating to fountain pens.
1742641412-2065,"Patent US-2396058, applied in 1944, by Karl Rath, Unbranded. Marking pen.",US-2396058,Unbranded,2065,US-2396058,1944,Karl Rath,Marking pen.
1742641412-2066,"Patent US-2396919, applied in 1944, by David Juelss, Venus. Fountain pen.",US-2396919,Venus,2066,US-2396919,1944,David Juelss,Fountain pen.
1742641412-2067,"Patent FR-907722, applied in 1943, Kaweco. Couvercle de capuchon pour porte-plume à réservoir.",FR-907722,Kaweco,2067,,,,
1742641412-2068,"Patent FR-907731, applied in 1944, Bayard. Stylographe.",FR-907731,Bayard,2068,,,,
1742641412-2069,"Patent US-2397229, applied in 1943, by Jozsef Laszlo Biro, Eterpen. Writing instrument.",US-2397229,Eterpen,2069,US-2397229,1943,Jozsef Laszlo Biro,Writing instrument.
1742641412-2070,"Patent US-D144358, applied in 1945, by Ned D. Fish, Lynn P. Martin, W. A. Sheaffer Pen Company. Fountain pen.",US-D144358,W. A. Sheaffer Pen Company,2070,US-D144358,1945,Ned D. Fish,"Martin, W. A. Sheaffer Pen Company. Fountain pen."
1742641412-2071,"Patent US-2398521, applied in 1944, by George D. Cloutier, Wahl Eversharp. Fountain pen.",US-2398521,Wahl Eversharp,2071,US-2398521,1944,George D. Cloutier,Fountain pen.
1742641412-2072,"Patent US-2398531, applied in 1944, by Philip C. Hull, The Parker Pen Company. Filling mechanism for fountain pens.",US-2398531,The Parker Pen Company,2072,US-2398531,1944,Philip C. Hull,Filling mechanism for fountain pens.
1742641412-2073,"Patent US-2400679, applied in 1944, by Jozsef Laszlo Biro, Eterpen. Fountain pen.",US-2400679,Eterpen,2073,US-2400679,1944,Jozsef Laszlo Biro,Fountain pen.
1742641412-2074,"Patent US-2400768, applied in 1944, by David F. Mohns, The Parker Pen Company. Fountain pen.",US-2400768,The Parker Pen Company,2074,US-2400768,1944,David F. Mohns,Fountain pen.
1742641412-2075,"Patent US-2401167, applied in 1940, by Theodor Kovacs, Günther Wagner - Pelikan. Fountain pen.",US-2401167,Günther Wagner - Pelikan,2075,US-2401167,1940,Theodor Kovacs,Fountain pen.
1742641412-2076,"Patent BE-465190, applied in 1945, by Lucien Claret, Météore - La Plume d'Or. Perfectionement aux porte-plumes réservoir.",BE-465190,Météore - La Plume d'Or,2076,BE-465190,1945,Lucien Claret,Perfectionement aux porte-plumes réservoir.
1742641412-2077,"Patent BE-465191, applied in 1946, by Lucien Claret, Météore - La Plume d'Or. Agrafe pour porte-plumes, stylos, porte-mines ou analogues.",BE-465191,Météore - La Plume d'Or,2077,BE-465191,1946,Lucien Claret,"Agrafe pour porte-plumes, stylos, porte-mines ou analogues."
1742641412-2078,"Patent BE-465192, applied in 1946, by Lucien Claret, Météore - La Plume d'Or. Perfectionnements aux porte-plumes réservoirs.",BE-465192,Météore - La Plume d'Or,2078,BE-465192,1946,Lucien Claret,Perfectionnements aux porte-plumes réservoirs.
1742641412-2079,"Patent BE-465193, applied in 1946, by Lucien Claret, Météore - La Plume d'Or. Perfectionement aux porte-plumes réservoir.",BE-465193,Météore - La Plume d'Or,2079,BE-465193,1946,Lucien Claret,Perfectionement aux porte-plumes réservoir.
1742641412-2080,"Patent FR-911164, applied in 1945, by Fernand Victor Désiré Albert Outrequin, Unbranded. Stylographe avec cartouches à encre.",FR-911164,Unbranded,2080,FR-911164,1945,Fernand Victor Désiré Albert Outrequin,Stylographe avec cartouches à encre.
1742641412-2081,"Patent US-2403039, applied in 1944, by Marlin S. Baker, The Parker Pen Company. Fountain pen.",US-2403039,The Parker Pen Company,2081,US-2403039,1944,Marlin S. Baker,Fountain pen.
1742641412-2082,"Patent US-2403083, applied in 1944, by Philip C. Hull, The Parker Pen Company. Desk set mounting.",US-2403083,The Parker Pen Company,2082,US-2403083,1944,Philip C. Hull,Desk set mounting.
1742641412-2083,"Patent US-D140026, applied in 1944, by Peter Schladermundt, Olive Emslie, Salz. Design for a fountain pen.",US-D140026,Salz,2083,US-D140026,1944,Peter Schladermundt,Design for a fountain pen.
1742641412-2084,"Patent US-D145171, applied in 1946, by Warren Green, Peter Schladermundt, Salz. Design for a clip for a fountain pen or a similar article.",US-D145171,Salz,2084,US-D145171,1946,Warren Green,Design for a clip for a fountain pen or a similar article.
1742641412-2085,"Patent US-2404063, applied in 1944, by Emmett Healy, The Parker Pen Company. Fountain pen.",US-2404063,The Parker Pen Company,2085,US-2404063,1944,Emmett Healy,Fountain pen.
1742641412-2086,"Patent US-2405381, applied in 1943, by Gerardo Hendrik va Spankeren, Eterpen. Writing instrument.",US-2405381,Eterpen,2086,US-2405381,1943,Gerardo Hendrik va Spankeren,Writing instrument.
1742641412-2087,"Patent US-2406330, applied in 1944, by Walter J. Heagney, The Parker Pen Company. Fountain pen filling unit.",US-2406330,The Parker Pen Company,2087,US-2406330,1944,Walter J. Heagney,Fountain pen filling unit.
1742641412-2088,"Patent US-D145586, applied in 1946, by Milton Reynolds, Reynolds. Fountain pen.",US-D145586,Reynolds,2088,US-D145586,1946,Milton Reynolds,Fountain pen.
1742641412-2089,"Patent GB-580628, applied in 1944, by Mark Sydney Finburgh, William Thomas Higgins, Wyvern Fountain Pen Company. Fountain pens.",GB-580628,Wyvern Fountain Pen Company,2089,GB-580628,1944,Mark Sydney Finburgh,Fountain pens.
1742641412-2090,"Patent GB-581290, applied in 1944, by Mark Sydney Finburgh, William Thomas Higgins, Wyvern Fountain Pen Company. Self-filling fountain pens.",GB-581290,Wyvern Fountain Pen Company,2090,GB-581290,1944,Mark Sydney Finburgh,Self-filling fountain pens.
1742641412-2091,"Patent US-D145734, applied in 1946, by Lawrence W. Kendrick, Carter's Ink Company. Design for a combination desk unit.",US-D145734,Carter's Ink Company,2091,US-D145734,1946,Lawrence W. Kendrick,Design for a combination desk unit.
1742641412-2092,"Patent US-2409869, applied in 1944, by Joseph J. Kelley, Unbranded. Fountain pen.",US-2409869,Unbranded,2092,US-2409869,1944,Joseph J. Kelley,Fountain pen.
1742641412-2093,"Patent US-2410423, applied in 1944, by Thomas F. Brinson, Scripto. Fountain pen.",US-2410423,Scripto,2093,US-2410423,1944,Thomas F. Brinson,Fountain pen.
1742641412-2094,"Patent US-D145870, applied in 1946, by Warren Green, Peter Schladermundt, Salz. Design for a fountain pen.",US-D145870,Salz,2094,US-D145870,1946,Warren Green,Design for a fountain pen.
1742641412-2095,"Patent US-D146012, applied in 1945, by Harold E. Steinberg, Esterbrook. Design for a writing pen.",US-D146012,Esterbrook,2095,US-D146012,1945,Harold E. Steinberg,Design for a writing pen.
1742641412-2096,"Patent US-2413904, applied in 1943, by Jozsef Laszlo Biro, Eterpen. Writing instrument.",US-2413904,Eterpen,2096,US-2413904,1943,Jozsef Laszlo Biro,Writing instrument.
1742641412-2097,"Patent US-D146176, applied in 1946, by Warren Green, Peter Schladermundt, Salz. Design for a fountain pen.",US-D146176,Salz,2097,US-D146176,1946,Warren Green,Design for a fountain pen.
1742641412-2098,"Patent US-D146181, applied in 1946, by Joshua Gordon Lippincott, Eberhard-Faber. Design for a cap for a fountain pen or a similar article.",US-D146181,Eberhard-Faber,2098,US-D146181,1946,Joshua Gordon Lippincott,Design for a cap for a fountain pen or a similar article.
1742641412-2099,"Patent CH-247460, applied in 1943, Mentmore. Plume à réservoir.",CH-247460,Mentmore,2099,,,,
1742641412-2100,"Patent US-2417861, applied in 1945, by Arthur O. Dahlberg, The Parker Pen Company. Fountain pen.",US-2417861,The Parker Pen Company,2100,US-2417861,1945,Arthur O. Dahlberg,Fountain pen.
1742641412-2101,"Patent US-2418218, applied in 1945, by Frank C. Deli et al, Autopoint. Clip construction.",US-2418218,Autopoint,2101,US-2418218,1945,Frank C. Deli et al,Clip construction.
1742641412-2102,"Patent US-2418410, applied in 1943, by Denison B. Hull, Unbranded. Fastening device.",US-2418410,Unbranded,2102,US-2418410,1943,Denison B. Hull,Fastening device.
1742641412-2103,"Patent GB-586917, applied in 1944, by John Pinkney Gowland, Unbranded. Improvements in or relating to Pens.",GB-586917,Unbranded,2103,GB-586917,1944,John Pinkney Gowland,Improvements in or relating to Pens.
1742641412-2104,"Patent US-2419483, applied in 1945, by George D. Cloutier, Wahl Eversharp. Fountain pen.",US-2419483,Wahl Eversharp,2104,US-2419483,1945,George D. Cloutier,Fountain pen.
1742641412-2105,"Patent FR-921200, applied in 1945, Stylomine. Nouvelle plume combinée.",FR-921200,Stylomine,2105,,,,
1742641412-2106,"Patent FR-921485, applied in 1945, by Lucien Claret, Météore - La Plume d'Or. Système de fermeture d'un capuchon sur une pièce cylindrique, par exemple pour porte-plume à réservoir.",FR-921485,Météore - La Plume d'Or,2106,FR-921485,1945,Lucien Claret,"Système de fermeture d'un capuchon sur une pièce cylindrique, par exemple pour porte-plume à réservoir."
1742641412-2107,"Patent FR-925384, applied in 1945, by Lucien Claret, Météore - La Plume d'Or. Perfectionnements aux porte-plumes réservoirs.",FR-925384,Météore - La Plume d'Or,2107,FR-925384,1945,Lucien Claret,Perfectionnements aux porte-plumes réservoirs.
1742641412-2108,"Patent US-D146806, applied in 1946, by Laszlo Moholy-Nagy, The Parker Pen Company. Fountain pen.",US-D146806,The Parker Pen Company,2108,US-D146806,1946,Laszlo Moholy-Nagy,Fountain pen.
1742641412-2109,"Patent FR-922059, applied in 1945, Stylomine. Suralimenteur pour plumes de stylographes.",FR-922059,Stylomine,2109,,,,
1742641412-2110,"Patent FR-922060, applied in 1945, Stylomine. Nouveau mode de remplissage par pulsations pour stylographes.",FR-922060,Stylomine,2110,,,,
1742641412-2111,"Patent FR-922061, applied in 1945, Stylomine. Réservoir blindé pour stylographes.",FR-922061,Stylomine,2111,,,,
1742641412-2112,"Patent BE-472541, applied in 1946, JiF. Porte-mine perfectionné.",BE-472541,JiF,2112,,,,
1742641412-2113,"Patent US-2422351, applied in 1944, by Benjamin W. Hanle, Eagle. Fountain pen.",US-2422351,Eagle,2113,US-2422351,1944,Benjamin W. Hanle,Fountain pen.
1742641412-2114,"Patent FR-922791, applied in 1946, Stylomine. Plume à pointe dure pour stylographe.",FR-922791,Stylomine,2114,,,,
1742641412-2115,"Patent FR-922792, applied in 1946, Stylomine. Gaine pour plume à écrire.",FR-922792,Stylomine,2115,,,,
1742641412-2116,"Patent FR-922825, applied in 1946, Walkover. Conduit perfectionné pour porte-plumes à réservoir.",FR-922825,Walkover,2116,,,,
1742641412-2117,"Patent FR-922826, applied in 1946, Walkover. Porte-Plume réservoir perfectionné.",FR-922826,Walkover,2117,,,,
1742641412-2118,"Patent FR-923231, applied in 1946, Météore - La Plume d'Or. Perfectionnements aux porte-plumes réservoirs.",FR-923231,Météore - La Plume d'Or,2118,,,,
1742641412-2119,"Patent FR-923550, applied in 1946, Météore - La Plume d'Or. Agrafe pour porte-plumes, stylos, porte-mines ou analogues.",FR-923550,Météore - La Plume d'Or,2119,,,,
1742641412-2120,"Patent US-D147107, applied in 1946, by Charles T. Breitenstein, Unbranded. Design for a fountain pen.",US-D147107,Unbranded,2120,US-D147107,1946,Charles T. Breitenstein,Design for a fountain pen.
1742641412-2121,"Patent FR-923799, applied in 1939, by Orlando Quadretti, Colorado. Stylographe double.",FR-923799,Colorado,2121,FR-923799,1939,Orlando Quadretti,Stylographe double.
1742641412-2122,"Patent US-2424731, applied in 1945, by Fred D. Woods et al, Autopoint. Fountain pen.",US-2424731,Autopoint,2122,US-2424731,1945,Fred D. Woods et al,Fountain pen.
1742641412-2123,"Patent FR-925076, applied in 1946, by Emile Henry Jules Thinard, Edacoto. Perfectionnements aux porte-plume réservoir à piston de remplissage.",FR-925076,Edacoto,2123,FR-925076,1946,Emile Henry Jules Thinard,Perfectionnements aux porte-plume réservoir à piston de remplissage.
1742641412-2124,"Patent FR-925385, applied in 1946, by Lucien Claret, Météore - La Plume d'Or. Perfectionement aux porte-plumes réservoirs.",FR-925385,Météore - La Plume d'Or,2124,FR-925385,1946,Lucien Claret,Perfectionement aux porte-plumes réservoirs.
1742641412-2125,"Patent US-2427033, applied in 1944, by John C. Wahl, Wahl Eversharp. Mechanical ink pencil.",US-2427033,Wahl Eversharp,2125,US-2427033,1944,John C. Wahl,Mechanical ink pencil.
1742641412-2126,"Patent US-2427068, applied in 1945, by Robert W. Randolph, The Parker Pen Company. Ball-point writing instrument.",US-2427068,The Parker Pen Company,2126,US-2427068,1945,Robert W. Randolph,Ball-point writing instrument.
1742641412-2127,"Patent US-2427069, applied in 1945, by Robert W. Randolph, The Parker Pen Company. Writing instrument.",US-2427069,The Parker Pen Company,2127,US-2427069,1945,Robert W. Randolph,Writing instrument.
1742641412-2128,"Patent US-2427243, applied in 1944, by John C. Wahl, Wahl Eversharp. Mechanical ink pencil.",US-2427243,Wahl Eversharp,2128,US-2427243,1944,John C. Wahl,Mechanical ink pencil.
1742641412-2129,"Patent CH-250673, applied in 1945, JiF. Porte-plume réservoir.",CH-250673,JiF,2129,,,,
1742641412-2130,"Patent FR-925959, applied in 1946, Stylomine. Nouvelle plume à écrire pour stylos.",FR-925959,Stylomine,2130,,,,
1742641412-2131,"Patent CH-250922, applied in 1939, by Orlando Quadretti, Colorado. Penna stilografica doppia.",CH-250922,Colorado,2131,CH-250922,1939,Orlando Quadretti,Penna stilografica doppia.
1742641412-2132,"Patent FR-926468, applied in 1946, Stylomine. Curseur pour porte-mine à plusieurs mines.",FR-926468,Stylomine,2132,,,,
1742641412-2133,"Patent US-2428854, applied in 1945, by Robert W. Randolph, The Parker Pen Company. Writing instrument.",US-2428854,The Parker Pen Company,2133,US-2428854,1945,Robert W. Randolph,Writing instrument.
1742641412-2134,"Patent US-2428863, applied in 1945, by Russell T. Wing, The Parker Pen Company. Fountain pen.",US-2428863,The Parker Pen Company,2134,US-2428863,1945,Russell T. Wing,Fountain pen.
1742641412-2135,"Patent US-2428960, applied in 1945, by George D. Cloutier, Wahl Eversharp. Writing instrument.",US-2428960,Wahl Eversharp,2135,US-2428960,1945,George D. Cloutier,Writing instrument.
1742641412-2136,"Patent CH-251140, applied in 1946, by Lucien Claret, Météore - La Plume d'Or. Agrafe pour porte-plume, stylo, porte-mine ou autre objet analogue.",CH-251140,Météore - La Plume d'Or,2136,CH-251140,1946,Lucien Claret,"Agrafe pour porte-plume, stylo, porte-mine ou autre objet analogue."
1742641412-2137,"Patent FR-927383, applied in 1946, Walkover. Porte-plume réservoir à pompe.",FR-927383,Walkover,2137,,,,
1742641412-2138,"Patent US-2430023, applied in 1944, by Sydney E. Longmaid, Esterbrook. Writing implement.",US-2430023,Esterbrook,2138,US-2430023,1944,Sydney E. Longmaid,Writing implement.
1742641412-2139,"Patent US-2431015, applied in 1943, by Arthur E. Andrews, William F. Johnson, Mentmore. Ink reservoir pen.",US-2431015,Mentmore,2139,US-2431015,1943,Arthur E. Andrews,"Johnson, Mentmore. Ink reservoir pen."
1742641412-2140,"Patent FR-928103, applied in 1946, Stylomine. Portemine multimine à pince de pointe multibranche.",FR-928103,Stylomine,2140,,,,
1742641412-2141,"Patent US-D147982, applied in 1946, by Robert J. Lynn, Unbranded. Design for a pencil.",US-D147982,Unbranded,2141,US-D147982,1946,Robert J. Lynn,Design for a pencil.
1742641412-2142,"Patent US-D143049, applied in 1945, by Maurice J. Waldinger, Unbranded. Design for a mechanical pencil.",US-D143049,Unbranded,2142,US-D143049,1945,Maurice J. Waldinger,Design for a mechanical pencil.
1742641412-2143,"Patent US-2432061, applied in 1946, by Isidor Chesler, Eagle. Writing instrument.",US-2432061,Eagle,2143,US-2432061,1946,Isidor Chesler,Writing instrument.
1742641412-2144,"Patent GB-595436, applied in 1945, The Parker Pen Company. Fountain pen.",GB-595436,The Parker Pen Company,2144,,,,
1742641412-2145,"Patent US-2432112, applied in 1945, by Charles K. Lovejoy, Moore Pen Company. Fountain pen.",US-2432112,Moore Pen Company,2145,US-2432112,1945,Charles K. Lovejoy,Fountain pen.
1742641412-2146,"Patent GB-595572, applied in 1945, by Eric Ernest Samuel Wade, Charlesworth Livsey, Lang - Curzon - Summit. Improvements in and relating to Self-filling Fountain Pens.",GB-595572,Lang - Curzon - Summit,2146,GB-595572,1945,Eric Ernest Samuel Wade,Improvements in and relating to Self-filling Fountain Pens.
1742641412-2147,"Patent GB-595652, applied in 1945, by Edward Stephen Sears, Swan. Improvements in or relating to Fountain Pens.",GB-595652,Swan,2147,GB-595652,1945,Edward Stephen Sears,Improvements in or relating to Fountain Pens.
1742641412-2148,"Patent IT-445846, applied in 2025, Officine Meccaniche Armando Simoni. Titolo ignoto.",IT-445846,Officine Meccaniche Armando Simoni,2148,,,,
1742641412-2149,"Patent FR-929775, applied in 1946, Stylomine. Gaine résorbante pour stylographe.",FR-929775,Stylomine,2149,,,,
1742641412-2150,"Patent GB-598726, applied in 1945, by Eric Ernest Samuel Wade, Lang - Curzon - Summit. Improvements in and relating to self-filling fountain pens.",GB-598726,Lang - Curzon - Summit,2150,GB-598726,1945,Eric Ernest Samuel Wade,Improvements in and relating to self-filling fountain pens.
1742641412-2151,"Patent FR-931799, applied in 1946, Stylomine. Pince de pointe pour porte-mine.",FR-931799,Stylomine,2151,,,,
1742641412-2152,"Patent FR-932296, applied in 1945, by Eric Ernest Samuel Wade, Charlesworth Livsey, Stephens, Lang - Curzon - Summit. Mécanisme de commande de la barrette flexible de compression de la vessie à encre pour stylographes à remplissage automatique.",FR-932296,Stephens,2152,FR-932296,1945,Eric Ernest Samuel Wade,Mécanisme de commande de la barrette flexible de compression de la vessie à encre pour stylographes à remplissage automatique.
1742641412-2153,"Patent FR-932339, applied in 1946, Stylomine. Perfectionnements aux stylographes.",FR-932339,Stylomine,2153,,,,
1742641412-2154,"Patent CH-254826, applied in 1946, by Lucien Claret, Météore - La Plume d'Or. Porte-plume ou objet analogue à réservoir.",CH-254826,Météore - La Plume d'Or,2154,CH-254826,1946,Lucien Claret,Porte-plume ou objet analogue à réservoir.
1742641412-2155,"Patent FR-934719, applied in 1946, Stylomine. Encre perfectionnée.",FR-934719,Stylomine,2155,,,,
1742641412-2156,"Patent FR-934720, applied in 1946, Stylomine. Perfectionnement aux encres à écrire et notamment aux encres à stylographes.",FR-934720,Stylomine,2156,,,,
1742641412-2157,"Patent US-D149921, applied in 1947, by Norman E. Weigel, Wearever. Design for a pen nib.",US-D149921,Wearever,2157,US-D149921,1947,Norman E. Weigel,Design for a pen nib.
1742641412-2158,"Patent CH-255121, applied in 1945, by Lucien Claret, Météore - La Plume d'Or. Dispositif de fermeture de porte-plume réservoir ou autre objet analogue.",CH-255121,Météore - La Plume d'Or,2158,CH-255121,1945,Lucien Claret,Dispositif de fermeture de porte-plume réservoir ou autre objet analogue.
1742641412-2159,"Patent CH-255727, applied in 1938, Stylomine. Porte-plume réservoir.",CH-255727,Stylomine,2159,,,,
1742641412-2160,"Patent US-D150320, applied in 1947, by Joseph Starr, Conklin Pen Manufacturing Co.. Design for a fountain pen.",US-D150320,Conklin Pen Manufacturing Co.,2160,,,,
1742641412-2161,"Patent FR-937412, applied in 1946, Stylomine. Stylographes à couleurs multiples.",FR-937412,Stylomine,2161,,,,
1742641412-2162,"Patent GB-607060, applied in 1946, by Eric Ernest Samuel Wade, Lang - Curzon - Summit. Improvements in and relating to fountain pens.",GB-607060,Lang - Curzon - Summit,2162,GB-607060,1946,Eric Ernest Samuel Wade,Improvements in and relating to fountain pens.
1742641412-2163,"Patent GB-608987, applied in 1946, by Arthur Stanley Jones, Lang - Curzon - Summit. Improvements in and relating to Pen Nibs.",GB-608987,Lang - Curzon - Summit,2163,GB-608987,1946,Arthur Stanley Jones,Improvements in and relating to Pen Nibs.
1742641412-2164,"Patent GB-609128, applied in 1946, by Arthur Stanley Jones, Lang - Curzon - Summit. Improvements in or relating to Fountain Pens.",GB-609128,Lang - Curzon - Summit,2164,GB-609128,1946,Arthur Stanley Jones,Improvements in or relating to Fountain Pens.
1742641412-2165,"Patent GB-610253, applied in 1938, Stylomine. Improvements relating to self-filling fountain pens.",GB-610253,Stylomine,2165,,,,
1742641412-2166,"Patent CH-266126, applied in 1944, by Thomas F. Brinson, Scripto. Porte-plume à réservoir.",CH-266126,Scripto,2166,CH-266126,1944,Thomas F. Brinson,Porte-plume à réservoir.
1742641412-2167,"Patent FR-938710, applied in 1944, by Thomas F. Brinson, Scripto. Perfectionnements aux porte-plume à réservoir.",FR-938710,Scripto,2167,FR-938710,1944,Thomas F. Brinson,Perfectionnements aux porte-plume à réservoir.
1742641412-2168,"Patent US-2452504, applied in 1945, by Ivan D. Tefft, The Parker Pen Company. Writing instrument.",US-2452504,The Parker Pen Company,2168,US-2452504,1945,Ivan D. Tefft,Writing instrument.
1742641412-2169,"Patent US-D151661, applied in 1947, by John M. Sherrer, Unbranded. Design for a calendar pencil.",US-D151661,Unbranded,2169,US-D151661,1947,John M. Sherrer,Design for a calendar pencil.
1742641412-2170,"Patent US-2454086, applied in 1946, by Robert W. Randolph, The Parker Pen Company. Ball-point writing instrument.",US-2454086,The Parker Pen Company,2170,US-2454086,1946,Robert W. Randolph,Ball-point writing instrument.
1742641412-2171,"Patent GB-612867, applied in 1946, by Lucien Claret, Météore - La Plume d'Or. Improvements in Fountain Pens and the like.",GB-612867,Météore - La Plume d'Or,2171,GB-612867,1946,Lucien Claret,Improvements in Fountain Pens and the like.
1742641412-2172,"Patent GB-612868, applied in 1945, by Lucien Claret, Météore - La Plume d'Or. Improvements in and relating to fountain pens, propelling pencils and like writing instruments.",GB-612868,Météore - La Plume d'Or,2172,GB-612868,1945,Lucien Claret,"Improvements in and relating to fountain pens, propelling pencils and like writing instruments."
1742641412-2173,"Patent GB-612869, applied in 1946, by Lucien Claret, Météore - La Plume d'Or. Clip for fountain pens and the like.",GB-612869,Météore - La Plume d'Or,2173,GB-612869,1946,Lucien Claret,Clip for fountain pens and the like.
1742641412-2174,"Patent GB-612870, applied in 1946, by Lucien Claret, Météore - La Plume d'Or. Improvements in fountain pens.",GB-612870,Météore - La Plume d'Or,2174,GB-612870,1946,Lucien Claret,Improvements in fountain pens.
1742641412-2175,"Patent GB-612956, applied in 1946, by William F. Johnson, Mentmore. Improvements in or relating to fountain pens.",GB-612956,Mentmore,2175,GB-612956,1946,William F. Johnson,Improvements in or relating to fountain pens.
1742641412-2176,"Patent US-D151989, applied in 1947, by Mahlon Edward Hirsch, Unbranded. Design for a ball point fountain pen.",US-D151989,Unbranded,2176,US-D151989,1947,Mahlon Edward Hirsch,Design for a ball point fountain pen.
1742641412-2177,"Patent US-2455964, applied in 1944, by Arthur Winter, Dictator. Pen.",US-2455964,Dictator,2177,US-2455964,1944,Arthur Winter,Pen.
1742641412-2178,"Patent US-2456602, applied in 1946, by James W. Welsh, Unbranded. Fountain pen.",US-2456602,Unbranded,2178,US-2456602,1946,James W. Welsh,Fountain pen.
1742641412-2179,"Patent GB-616010, applied in 1946, by Edward Stephen Sears, Swan. Improvements in or relating to self-filling fountain pens.",GB-616010,Swan,2179,GB-616010,1946,Edward Stephen Sears,Improvements in or relating to self-filling fountain pens.
1742641412-2180,"Patent CH-259145, applied in 1946, JiF. Porte-mine.",CH-259145,JiF,2180,,,,
1742641412-2181,"Patent FR-941875, applied in 1946, Unbranded. Perfectionnements aux stylographes.",FR-941875,Unbranded,2181,,,,
1742641412-2182,"Patent AT-162116, applied in 1946, Unbranded. Verfahren zur Herstellung eines innen konisch verlaufenden und einseitig an der konischen Erweiterung verschlossenen Rohres aus plastischen Massen im Spritzverfahren.",AT-162116,Unbranded,2182,,,,
1742641412-2183,"Patent CH-259468, applied in 1946, Stylomine. Porte-mine à plusieurs mines.",CH-259468,Stylomine,2183,,,,
1742641412-2184,"Patent FR-942385, applied in 1947, Unbranded. Dispositif d'accouplement automatique à verrouillage de sûreté.",FR-942385,Unbranded,2184,,,,
1742641412-2185,"Patent CH-260100, applied in 1945, The Parker Pen Company. Fountain pen.",CH-260100,The Parker Pen Company,2185,,,,
1742641412-2186,"Patent US-2462929, applied in 1946, by Harlan H. Zodtner, The Parker Pen Company. Fountain pen.",US-2462929,The Parker Pen Company,2186,US-2462929,1946,Harlan H. Zodtner,Fountain pen.
1742641412-2187,"Patent US-2464104, applied in 1945, by Ivan D. Tefft, The Parker Pen Company. Fountain pen.",US-2464104,The Parker Pen Company,2187,US-2464104,1945,Ivan D. Tefft,Fountain pen.
1742641412-2188,"Patent GB-619349, applied in 1946, by Mark Sydney Finburgh, Wyvern Fountain Pen Company. Improvements in or relating to fountain pens.",GB-619349,Wyvern Fountain Pen Company,2188,GB-619349,1946,Mark Sydney Finburgh,Improvements in or relating to fountain pens.
1742641412-2189,"Patent GB-620605, applied in 1946, Scripto. Improvements in and relating to Fountain Pens.",GB-620605,Scripto,2189,,,,
1742641412-2190,"Patent FR-944423, applied in 1947, Unbranded. Porte-plume réservoir perfectionné.",FR-944423,Unbranded,2190,,,,
1742641412-2191,"Patent GB-621241, applied in 1947, by Andrew Stuart Horn, Lang - Curzon - Summit. Improvements in and relating to Sac Self-Filling Fountain Pens.",GB-621241,Lang - Curzon - Summit,2191,GB-621241,1947,Andrew Stuart Horn,Improvements in and relating to Sac Self-Filling Fountain Pens.
1742641412-2192,"Patent GB-621354, applied in 1947, by Eric Ernest Samuel Wade, Charlesworth Livsey, Lang - Curzon - Summit. Improvements in pocket clips for fountain pens, pencils and the like.",GB-621354,Lang - Curzon - Summit,2192,GB-621354,1947,Eric Ernest Samuel Wade,"Improvements in pocket clips for fountain pens, pencils and the like."
1742641412-2193,"Patent DK-68984, applied in 1946, by Peter Jensen Neesgaard, Unbranded. Blækreguleringsanordning ved fyldepenne.",DK-68984,Unbranded,2193,DK-68984,1946,Peter Jensen Neesgaard,Blækreguleringsanordning ved fyldepenne.
1742641412-2194,"Patent GB-621822, applied in 1946, by Leslie William Johnson, Edward Stephen Sears, Swan. Improvements in or relating to fountain pens.",GB-621822,Swan,2194,GB-621822,1946,Leslie William Johnson,Improvements in or relating to fountain pens.
1742641412-2195,"Patent US-2468699, applied in 1944, by Fred D. Woods, Autopoint. Clip for mechanical pencils, fountain pens, and the like.",US-2468699,Autopoint,2195,US-2468699,1944,Fred D. Woods,"Clip for mechanical pencils, fountain pens, and the like."
1742641412-2196,"Patent BE-488498, applied in 1949, Lang - Curzon - Summit. Perfectionnement aux agrafes de poche pour porte-plume à réservoir, crayon et analogues.",BE-488498,Lang - Curzon - Summit,2196,,,,
1742641412-2197,"Patent GB-623767, applied in 1946, by Leslie William Johnson, Edward Stephen Sears, Swan. Improvements in or relating to fountain pens.",GB-623767,Swan,2197,GB-623767,1946,Leslie William Johnson,Improvements in or relating to fountain pens.
1742641412-2198,"Patent GB-623792, applied in 1946, by Roger François Perraud, JiF. Improved propelling pencil.",GB-623792,JiF,2198,GB-623792,1946,Roger François Perraud,Improved propelling pencil.
1742641412-2199,"Patent US-2472343, applied in 1946, by Anthony G. Rosa, Unbranded. Fountain pen.",US-2472343,Unbranded,2199,US-2472343,1946,Anthony G. Rosa,Fountain pen.
1742641412-2200,"Patent US-2473149, applied in 1945, by David Juelss, Venus. Mechanical pencil with step-by-steplead feeding means.",US-2473149,Venus,2200,US-2473149,1945,David Juelss,Mechanical pencil with step-by-steplead feeding means.
1742641412-2201,"Patent US-2473688, applied in 1944, by Lynn P. Martin, W. A. Sheaffer Pen Company. Clip for writing instruments.",US-2473688,W. A. Sheaffer Pen Company,2201,US-2473688,1944,Lynn P. Martin,A. Sheaffer Pen Company. Clip for writing instruments.
1742641412-2202,"Patent US-2473689, applied in 1945, by Charles N. Colstad, W. A. Sheaffer Pen Company. Clip for writing instruments.",US-2473689,W. A. Sheaffer Pen Company,2202,US-2473689,1945,Charles N. Colstad,A. Sheaffer Pen Company. Clip for writing instruments.
1742641412-2203,"Patent US-2473690, applied in 1945, by Wilbur K. Olson, Lynn P. Martin, W. A. Sheaffer Pen Company. Clip for writing instruments.",US-2473690,W. A. Sheaffer Pen Company,2203,US-2473690,1945,Wilbur K. Olson,"Martin, W. A. Sheaffer Pen Company. Clip for writing instruments."
1742641412-2204,"Patent CH-262296, applied in 1946, George W. Borg Corporation. Stylographe.",CH-262296,George W. Borg Corporation,2204,,,,
1742641412-2205,"Patent US-2474996, applied in 1945, by Frank B. Wallis, W. A. Sheaffer Pen Company. Fountain pen.",US-2474996,W. A. Sheaffer Pen Company,2205,US-2474996,1945,Frank B. Wallis,A. Sheaffer Pen Company. Fountain pen.
1742641412-2206,"Patent US-2519966, applied in 1946, by William F. Johnson, Mentmore. Fountain pen.",US-2519966,Mentmore,2206,US-2519966,1946,William F. Johnson,Fountain pen.
1742641412-2207,"Patent FR-947791, applied in 1946, by William F. Johnson, Mentmore. Perfectionnement à la construction des stylographes à réservoir.",FR-947791,Mentmore,2207,FR-947791,1946,William F. Johnson,Perfectionnement à la construction des stylographes à réservoir.
1742641412-2208,"Patent CH-263051, applied in 1947, Uhu. Füllbleistift.",CH-263051,Uhu,2208,,,,
1742641412-2209,"Patent US-2480014, applied in 1946, by Werner Germann, Caran D'Ache. Changeable propelling pencil.",US-2480014,Caran D'Ache,2209,US-2480014,1946,Werner Germann,Changeable propelling pencil.
1742641412-2210,"Patent US-2481874, applied in 1945, by Robert W. Randolph, The Parker Pen Company. Ball-point writing instrument.",US-2481874,The Parker Pen Company,2210,US-2481874,1945,Robert W. Randolph,Ball-point writing instrument.
1742641412-2211,"Patent CH-263680, applied in 1947, Uhu. Füllfederhalter.",CH-263680,Uhu,2211,,,,
1742641412-2212,"Patent FR-950038, applied in 1947, by Léon-Victor Roussel, Unbranded. Pointes obliques pour stylographes à bille.",FR-950038,Unbranded,2212,FR-950038,1947,Léon-Victor Roussel,Pointes obliques pour stylographes à bille.
1742641412-2213,"Patent US-2483329, applied in 1945, by John C. Wahl, Wahl Eversharp. Writing instrument.",US-2483329,Wahl Eversharp,2213,US-2483329,1945,John C. Wahl,Writing instrument.
1742641412-2214,"Patent FR-950633, applied in 1947, by Henri Borrus, Unbranded. Perfectionnements aux stylographes.",FR-950633,Unbranded,2214,FR-950633,1947,Henri Borrus,Perfectionnements aux stylographes.
1742641412-2215,"Patent US-2483603, applied in 1946, by Russell T. Wing, The Parker Pen Company. Fountain pen.",US-2483603,The Parker Pen Company,2215,US-2483603,1946,Russell T. Wing,Fountain pen.
1742641412-2216,"Patent US-2484640, applied in 1946, by James A. Mustard, The Parker Pen Company. Mechanical pencil.",US-2484640,The Parker Pen Company,2216,US-2484640,1946,James A. Mustard,Mechanical pencil.
1742641412-2217,"Patent US-D155532, applied in 1948, by Louis Morrison, Morrison. Design for a fountain pen or similar article.",US-D155532,Morrison,2217,US-D155532,1948,Louis Morrison,Design for a fountain pen or similar article.
1742641412-2218,"Patent CH-264326, applied in 1946, JiF. Instrument à écrire.",CH-264326,JiF,2218,,,,
1742641412-2219,"Patent FR-951555, applied in 1946, by Harlan H. Zodtner, James A. Mustard, The Parker Pen Company. Stylographe avec dispositif de remplissage du réservoir d'encre et d'adduction de l'encre vers la surface d'écriture.",FR-951555,The Parker Pen Company,2219,FR-951555,1946,Harlan H. Zodtner,"Mustard, The Parker Pen Company. Stylographe avec dispositif de remplissage du réservoir d'encre et d'adduction de l'encre vers la surface d'écriture."
1742641412-2220,"Patent CH-264938, applied in 1944, by Biro-Patente Aktiengesellschaft, Eterpen. Stylographe à bille.",CH-264938,Eterpen,2220,CH-264938,1944,Biro-Patente Aktiengesellschaft,Stylographe à bille.
1742641412-2221,"Patent US-2489463, applied in 1946, by William B. Reynolds, The Parker Pen Company. Stable blue writing ink and a dye therefor.",US-2489463,The Parker Pen Company,2221,US-2489463,1946,William B. Reynolds,Stable blue writing ink and a dye therefor.
1742641412-2222,"Patent US-2489983, applied in 1944, by Victor H. Severy, Scripto. Fountain pen.",US-2489983,Scripto,2222,US-2489983,1944,Victor H. Severy,Fountain pen.
1742641412-2223,"Patent US-2491082, applied in 1944, by Jozsef Laszlo Biro, Wahl Eversharp. Fountain pen.",US-2491082,Wahl Eversharp,2223,US-2491082,1944,Jozsef Laszlo Biro,Fountain pen.
1742641412-2224,"Patent US-D156413, applied in 1949, by Harry Esterow, Ideal Metal Products. Combined pencil and pen point protector and clip.",US-D156413,Ideal Metal Products,2224,US-D156413,1949,Harry Esterow,Combined pencil and pen point protector and clip.
1742641412-2225,"Patent US-D156633, applied in 1948, by Henry Krause, Chilton. Writing implement.",US-D156633,Chilton,2225,US-D156633,1948,Henry Krause,Writing implement.
1742641412-2226,"Patent CA-462708, applied in 1947, by Yves Zuber, Stylomine. Superfeeder for fountain-pen.",CA-462708,Stylomine,2226,CA-462708,1947,Yves Zuber,Superfeeder for fountain-pen.
1742641412-2227,"Patent US-2498384, applied in 1946, Unbranded. Fountain pen.",US-2498384,Unbranded,2227,,,,
1742641412-2228,"Patent US-2500833, applied in 1944, by Henry C. Klagges, Harry C. Kofke, Esterbrook. Fountain pen.",US-2500833,Esterbrook,2228,US-2500833,1944,Henry C. Klagges,"Kofke, Esterbrook. Fountain pen."
1742641412-2229,"Patent DE-1603609U, applied in 1949, Geha. Kolbendichtung für Füllfederhalter.",DE-1603609U,Geha,2229,,,,
1742641412-2230,"Patent DE-1603609U, applied in 1949, Geha. Tintenleiter mit Schraubbuchse für Füllfederhalter.",DE-1603609U,Geha,2230,,,,
1742641412-2231,"Patent GB-634735, applied in 1946, The Parker Pen Company. Fountain pen.",GB-634735,The Parker Pen Company,2231,,,,
1742641412-2232,"Patent GB-634823, applied in 1946, JiF. Improvements in writing instruments.",GB-634823,JiF,2232,,,,
1742641412-2233,"Patent US-2503043, applied in 1945, by Robert Gruen, The Parker Pen Company. Pen desk set.",US-2503043,The Parker Pen Company,2233,US-2503043,1945,Robert Gruen,Pen desk set.
1742641412-2234,"Patent US-2503061, applied in 1946, by Laszlo Moholy-Nagy, The Parker Pen Company. Pen desk set.",US-2503061,The Parker Pen Company,2234,US-2503061,1946,Laszlo Moholy-Nagy,Pen desk set.
1742641412-2235,"Patent US-2503080, applied in 1946, by Ivan D. Tefft, Marlin S. Baker, The Parker Pen Company. Mechanical pencil with push-button type lead feeding means.",US-2503080,The Parker Pen Company,2235,US-2503080,1946,Ivan D. Tefft,"Baker, The Parker Pen Company. Mechanical pencil with push-button type lead feeding means."
1742641412-2236,"Patent GB-635144, applied in 1947, by Frederick George Heard, Swan. Improvements in or relating to fountain pens.",GB-635144,Swan,2236,GB-635144,1947,Frederick George Heard,Improvements in or relating to fountain pens.
1742641412-2237,"Patent US-2504420, applied in 1947, by Philip C. Hull, George W. Gilman, The Parker Pen Company. Magazine pencil with rotary lead propelling means.",US-2504420,The Parker Pen Company,2237,US-2504420,1947,Philip C. Hull,"Gilman, The Parker Pen Company. Magazine pencil with rotary lead propelling means."
1742641412-2238,"Patent FR-960832, applied in 1948, by Serge-Ernest Detanne, Unbranded. Perfectionnements aux stylographes à billes.",FR-960832,Unbranded,2238,FR-960832,1948,Serge-Ernest Detanne,Perfectionnements aux stylographes à billes.
1742641412-2239,"Patent US-2506035, applied in 1945, by Kenneth S. Parker, The Parker Pen Company. Writing instrument.",US-2506035,The Parker Pen Company,2239,US-2506035,1945,Kenneth S. Parker,Writing instrument.
1742641412-2240,"Patent FR-54591E, applied in 1946, Stylomine. Gaine pour pointe à écrire.",FR-54591E,Stylomine,2240,,,,
1742641412-2241,"Patent US-D158465, applied in 1948, by David Kahn, Wearever. Fountain pen or pencil clip.",US-D158465,Wearever,2241,US-D158465,1948,David Kahn,Fountain pen or pencil clip.
1742641412-2242,"Patent GB-636823, applied in 1949, by Eric Ernest Samuel Wade, Charlesworth Livsey, Lang - Curzon - Summit. Improvements in pocket clips for fountain pens, pencils and the like.",GB-636823,Lang - Curzon - Summit,2242,GB-636823,1949,Eric Ernest Samuel Wade,"Improvements in pocket clips for fountain pens, pencils and the like."
1742641412-2243,"Patent FR-961601, applied in 1948, Stylomine. Procédé et dispositif pour la fixaxtion correcte des plumes des stylographes.",FR-961601,Stylomine,2243,,,,
1742641412-2244,"Patent US-2509234, applied in 1945, by David Kahn, Wearever. Fountain pen cap.",US-2509234,Wearever,2244,US-2509234,1945,David Kahn,Fountain pen cap.
1742641412-2245,"Patent US-2509465, applied in 1946, by Russell T. Wing, The Parker Pen Company. Dual-well fountain pen.",US-2509465,The Parker Pen Company,2245,US-2509465,1946,Russell T. Wing,Dual-well fountain pen.
1742641412-2246,"Patent US-2510634, applied in 1945, by Philip C. Hull, The Parker Pen Company. Magnetic desk set.",US-2510634,The Parker Pen Company,2246,US-2510634,1945,Philip C. Hull,Magnetic desk set.
1742641412-2247,"Patent US-2510648, applied in 1945, by Laszlo Moholy-Nagy, The Parker Pen Company. Pen desk set.",US-2510648,The Parker Pen Company,2247,US-2510648,1945,Laszlo Moholy-Nagy,Pen desk set.
1742641412-2248,"Patent GB-638420, applied in 1946, Stylomine. Improvements in or relating to multiple lead pencils.",GB-638420,Stylomine,2248,,,,
1742641412-2249,"Patent US-D158973, applied in 1949, by David Kahn, Wearever. Fountain pen.",US-D158973,Wearever,2249,US-D158973,1949,David Kahn,Fountain pen.
1742641412-2250,"Patent US-2512004, applied in 1945, by Russell T. Wing, The Parker Pen Company. Fountain pen.",US-2512004,The Parker Pen Company,2250,US-2512004,1945,Russell T. Wing,Fountain pen.
1742641412-2251,"Patent US-2513380, applied in 1947, by Samuel E. Townsend, Esterbrook. Writing instrument.",US-2513380,Esterbrook,2251,US-2513380,1947,Samuel E. Townsend,Writing instrument.
1742641412-2252,"Patent CH-258612, applied in 1945, Stylomine. Stylographe muni d'un dispositif suralimenteur de la plume.",CH-258612,Stylomine,2252,,,,
1742641412-2253,"Patent GB-639958, applied in 1947, by Cyril George Barker, Wyvern Fountain Pen Company. Improvements in fountain pens, propelling pencils and the like.",GB-639958,Wyvern Fountain Pen Company,2253,GB-639958,1947,Cyril George Barker,"Improvements in fountain pens, propelling pencils and the like."
1742641412-2254,"Patent GB-639996, applied in 1945, Stylomine. Feed device for fountain pen nibs.",GB-639996,Stylomine,2254,,,,
1742641412-2255,"Patent US-2517522, applied in 1946, by Yves Zuber, Stylomine. Slider for propelling pencils with several leads.",US-2517522,Stylomine,2255,US-2517522,1946,Yves Zuber,Slider for propelling pencils with several leads.
1742641412-2256,"Patent DE-1611226U, applied in 1950, Osmia. Klipps fuer Fuellhalter u.dgl..",DE-1611226U,Osmia,2256,,,,
1742641412-2257,"Patent US-2519635, applied in 1946, by Lucien Claret, Météore - La Plume d'Or. Fountain pen.",US-2519635,Météore - La Plume d'Or,2257,US-2519635,1946,Lucien Claret,Fountain pen.
1742641412-2258,"Patent US-2519675, applied in 1946, by Joshua G. Lippincott, Waterman. Desk penholder.",US-2519675,Waterman,2258,US-2519675,1946,Joshua G. Lippincott,Desk penholder.
1742641412-2259,"Patent DE-1612403U, applied in 1950, Kaweco. Kugelschreiber für Pasten und Tintenfüllung.",DE-1612403U,Kaweco,2259,,,,
1742641412-2260,"Patent US-2521657, applied in 1944, by Victor H. Severy, Scripto. Fountain pen.",US-2521657,Scripto,2260,US-2521657,1944,Victor H. Severy,Fountain pen.
1742641412-2261,"Patent US-D159978, applied in 1949, by Warren Green, Peter Schladermundt, Salz. Fountain pen or the like.",US-D159978,Salz,2261,US-D159978,1949,Warren Green,Fountain pen or the like.
1742641412-2262,"Patent GB-642437, applied in 1945, The Parker Pen Company. Fountain pen.",GB-642437,The Parker Pen Company,2262,,,,
1742641412-2263,"Patent US-2522553, applied in 1945, by Frederick R. Wittnebert, The Parker Pen Company. Fountain pen.",US-2522553,The Parker Pen Company,2263,US-2522553,1945,Frederick R. Wittnebert,Fountain pen.
1742641412-2264,"Patent US-2522554, applied in 1947, by Harlan H. Zodtner, The Parker Pen Company. Fountain pen.",US-2522554,The Parker Pen Company,2264,US-2522554,1947,Harlan H. Zodtner,Fountain pen.
1742641412-2265,"Patent US-2522555, applied in 1947, by Floyd E. Bartell, The Parker Pen Company. Fountain pen.",US-2522555,The Parker Pen Company,2265,US-2522555,1947,Floyd E. Bartell,Fountain pen.
1742641412-2266,"Patent US-D160180, applied in 1950, by Theodor Kovacs, Günther Wagner - Pelikan. Fountain pen.",US-D160180,Günther Wagner - Pelikan,2266,US-D160180,1950,Theodor Kovacs,Fountain pen.
1742641412-2267,"Patent DE-764096, applied in 1941, by Emil Ghüne, Soennecken. Portemine à réservoir de mines et à poussoir.",DE-764096,Soennecken,2267,DE-764096,1941,Emil Ghüne,Portemine à réservoir de mines et à poussoir.
1742641412-2268,"Patent US-2526268, applied in 1946, by Roger François Perraud, JiF. Push button type mechanical pencil.",US-2526268,JiF,2268,US-2526268,1946,Roger François Perraud,Push button type mechanical pencil.
1742641412-2269,"Patent US-2528327, applied in 1945, by Marlin S. Baker, The Parker Pen Company. Fountain pen.",US-2528327,The Parker Pen Company,2269,US-2528327,1945,Marlin S. Baker,Fountain pen.
1742641412-2270,"Patent US-2528328, applied in 1948, by Marlin S. Baker, Robert W. Randolph, The Parker Pen Company. Clutch mechanism for mechanical pencils.",US-2528328,The Parker Pen Company,2270,US-2528328,1948,Marlin S. Baker,"Randolph, The Parker Pen Company. Clutch mechanism for mechanical pencils."
1742641412-2271,"Patent US-2528390, applied in 1948, by Galen H. Sayler, The Parker Pen Company. Writing inks.",US-2528390,The Parker Pen Company,2271,US-2528390,1948,Galen H. Sayler,Writing inks.
1742641412-2272,"Patent US-2528408, applied in 1947, by Harlan H. Zodtner, The Parker Pen Company. Fountain pen.",US-2528408,The Parker Pen Company,2272,US-2528408,1947,Harlan H. Zodtner,Fountain pen.
1742641412-2273,"Patent US-2531113, applied in 1946, by Wilbur Arthur Davis, Unbranded. Clip and cap structure for fountain pens.",US-2531113,Unbranded,2273,US-2531113,1946,Wilbur Arthur Davis,Clip and cap structure for fountain pens.
1742641412-2274,"Patent GB-646726, applied in 1947, The Parker Pen Company. Improvements in or relating to fountain pens.",GB-646726,The Parker Pen Company,2274,,,,
1742641412-2275,"Patent US-2533082, applied in 1948, by Marlin S. Baker, Robert W. Randolph, The Parker Pen Company. Fountain pen cap.",US-2533082,The Parker Pen Company,2275,US-2533082,1948,Marlin S. Baker,"Randolph, The Parker Pen Company. Fountain pen cap."
1742641412-2276,"Patent GB-647474, applied in 1946, George W. Borg Corporation. Stylographe.",GB-647474,George W. Borg Corporation,2276,,,,
1742641412-2277,"Patent FR-969964, applied in 1945, by Frederick R. Wittnebert, The Parker Pen Company. Stylographe à remplissage par capillarité.",FR-969964,The Parker Pen Company,2277,FR-969964,1945,Frederick R. Wittnebert,Stylographe à remplissage par capillarité.
1742641412-2278,"Patent FR-969966, applied in 1947, by Floyd E. Bartell et al, The Parker Pen Company. Stylographe aver reservoir d'encre remplissable par capillarité.",FR-969966,The Parker Pen Company,2278,FR-969966,1947,Floyd E. Bartell et al,Stylographe aver reservoir d'encre remplissable par capillarité.
1742641412-2279,"Patent FR-969988, applied in 1948, Robert Capouillez & C.ie. Dispositif d'agrafe pour stylographes, porte-mines et autres objets analogues.",FR-969988,Robert Capouillez & C.ie,2279,,,,
1742641412-2280,"Patent US-2536923, applied in 1945, by Hans R. Fehling, Wahl Eversharp. Fountain pen.",US-2536923,Wahl Eversharp,2280,US-2536923,1945,Hans R. Fehling,Fountain pen.
1742641412-2281,"Patent DE-801614, applied in 1949, by Josef Ganter, Unbranded. Schreibeinsatz für Kugelschreiber.",DE-801614,Unbranded,2281,DE-801614,1949,Josef Ganter,Schreibeinsatz für Kugelschreiber.
1742641412-2282,"Patent US-2538294, applied in 1946, by Lucien Claret, Météore - La Plume d'Or. Clip for fountain pens and the like.",US-2538294,Météore - La Plume d'Or,2282,US-2538294,1946,Lucien Claret,Clip for fountain pens and the like.
1742641412-2283,"Patent FR-878818, applied in 1942, Bayard. Perfectionnements aux porte-plume à réservoir.",FR-878818,Bayard,2283,,,,
1742641412-2284,"Patent FR-971980, applied in 1940, Bayard. Perfectionnements apportés aux porte-plume à réservoir et stylographes à pointe.",FR-971980,Bayard,2284,,,,
1742641412-2285,"Patent DE-802498, applied in 1949, by Rolf Pöhler, Franz Hammerschlag, Soennecken. Füllhalter mit Kolbenfüllung.",DE-802498,Soennecken,2285,DE-802498,1949,Rolf Pöhler,Füllhalter mit Kolbenfüllung.
1742641412-2286,"Patent FR-973683, applied in 1941, JiF. Porte-plume réservoir à remplissage automatique.",FR-973683,JiF,2286,,,,
1742641412-2287,"Patent FR-973950, applied in 1948, by Emile Henry Jules Thinard, Edacoto. Stylographe perfectionné.",FR-973950,Edacoto,2287,FR-973950,1948,Emile Henry Jules Thinard,Stylographe perfectionné.
1742641412-2288,"Patent DE-803094, applied in 1949, by Hermann Mayr, Unbranded. Patronen- und kartuschenloser Kugelschreiber.",DE-803094,Unbranded,2288,DE-803094,1949,Hermann Mayr,Patronen- und kartuschenloser Kugelschreiber.
1742641412-2289,"Patent CH-274547, applied in 1947, The Parker Pen Company. Füllfederhalter.",CH-274547,The Parker Pen Company,2289,,,,
1742641412-2290,"Patent FR-978573, applied in 1948, by Armand-Lucien Claret, Météore - La Plume d'Or. Porte-plume réservoir.",FR-978573,Météore - La Plume d'Or,2290,FR-978573,1948,Armand-Lucien Claret,Porte-plume réservoir.
1742641412-2291,"Patent US-2548906, applied in 1945, by John William Para, Wearever. Fountain pen.",US-2548906,Wearever,2291,US-2548906,1945,John William Para,Fountain pen.
1742641412-2292,"Patent DE-804411, applied in 1946, by William F. Johnson, Mentmore. Fuellfederhalter.",DE-804411,Mentmore,2292,DE-804411,1946,William F. Johnson,Fuellfederhalter.
1742641412-2293,"Patent DE-804532, applied in 1949, by Heinrich Schwarting et al, Montblanc. Führungselement für Kolbenfüller.",DE-804532,Montblanc,2293,DE-804532,1949,Heinrich Schwarting et al,Führungselement für Kolbenfüller.
1742641412-2294,"Patent DE-804767, applied in 1949, by Heinrich Schwarting et al, Montblanc. Verschlusskappe fuer Schreibwerkzeuge.",DE-804767,Montblanc,2294,DE-804767,1949,Heinrich Schwarting et al,Verschlusskappe fuer Schreibwerkzeuge.
1742641412-2295,"Patent DE-804769, applied in 1950, Uhu. Schreibkugellagerung bei Kugelschreibern.",DE-804769,Uhu,2295,,,,
1742641412-2296,"Patent US-2553598, applied in 1947, by Lynn P. Martin, W. A. Sheaffer Pen Company. Reservoir desk stand.",US-2553598,W. A. Sheaffer Pen Company,2296,US-2553598,1947,Lynn P. Martin,A. Sheaffer Pen Company. Reservoir desk stand.
1742641412-2297,"Patent US-2553599, applied in 1947, by Lynn P. Martin, W. A. Sheaffer Pen Company. Reservoir desk stand.",US-2553599,W. A. Sheaffer Pen Company,2297,US-2553599,1947,Lynn P. Martin,A. Sheaffer Pen Company. Reservoir desk stand.
1742641412-2298,"Patent US-2554641, applied in 1945, by Edward Stephen Sears, Swan. Fountain pen.",US-2554641,Swan,2298,US-2554641,1945,Edward Stephen Sears,Fountain pen.
1742641412-2299,"Patent US-2554654, applied in 1946, by Frederick R. Wittnebert, The Parker Pen Company. Fountain pen.",US-2554654,The Parker Pen Company,2299,US-2554654,1946,Frederick R. Wittnebert,Fountain pen.
1742641412-2300,"Patent US-2557054, applied in 1948, by Richard J. Mansheim, W. A. Sheaffer Pen Company. Writing instrument.",US-2557054,W. A. Sheaffer Pen Company,2300,US-2557054,1948,Richard J. Mansheim,A. Sheaffer Pen Company. Writing instrument.
1742641412-2301,"Patent DE-709836, applied in 1949, by Heinrich Hebborn, Heinrich Schlicksupp, Luxor. Kugelschreiber.",DE-709836,Luxor,2301,DE-709836,1949,Heinrich Hebborn,Kugelschreiber.
1742641412-2302,"Patent DE-806331, applied in 1949, by Heinrich Hebborn, Heinrich Schlicksupp, Luxor. Kugelschreiber mit Vorratsbehaelter für Schreibflüssigkeit.",DE-806331,Luxor,2302,DE-806331,1949,Heinrich Hebborn,Kugelschreiber mit Vorratsbehaelter für Schreibflüssigkeit.
1742641412-2303,"Patent DE-806413, applied in 1949, Uhu. Mit fluessiger Tinte gefuellter Kugelschreiber.",DE-806413,Uhu,2303,,,,
1742641412-2304,"Patent DE-806832, applied in 1949, by Gregor Miltner, Faber-Castell. Fuellfederhalter mit verdeckter Feder.",DE-806832,Faber-Castell,2304,DE-806832,1949,Gregor Miltner,Fuellfederhalter mit verdeckter Feder.
1742641412-2305,"Patent US-2557710, applied in 1948, by Eric Ernest Samuel Wade, Charlesworth Livsey, Lang - Curzon - Summit. Clip for pens.",US-2557710,Lang - Curzon - Summit,2305,US-2557710,1948,Eric Ernest Samuel Wade,Clip for pens.
1742641412-2306,"Patent US-D163686, applied in 1951, by Mendel Fried, Unbranded. Fountain pen cap.",US-D163686,Unbranded,2306,US-D163686,1951,Mendel Fried,Fountain pen cap.
1742641412-2307,"Patent DE-1624589U, applied in 1950, Geha. Schreibfeder für Füllfederhalter.",DE-1624589U,Geha,2307,,,,
1742641412-2308,"Patent FR-983319, applied in 1948, by Armando Simoni, Officine Meccaniche Armando Simoni. Perfectionnements aux stylographes.",FR-983319,Officine Meccaniche Armando Simoni,2308,FR-983319,1948,Armando Simoni,Perfectionnements aux stylographes.
1742641412-2309,"Patent DE-807778, applied in 1948, by Christoph Kunkel, Uhu. Fuellfederhalter.",DE-807778,Uhu,2309,DE-807778,1948,Christoph Kunkel,Fuellfederhalter.
1742641412-2310,"Patent US-2561923, applied in 1945, by Edward B. Harmon, The Parker Pen Company. Fountain pen desk set.",US-2561923,The Parker Pen Company,2310,US-2561923,1945,Edward B. Harmon,Fountain pen desk set.
1742641412-2311,"Patent DE-809514, applied in 1949, by Josef C. Lamy, Lamy. Vorschubeinrichtung fuer Fuellbleistifte, Kugelschreiber u. dgl..",DE-809514,Lamy,2311,DE-809514,1949,Josef C. Lamy,"Vorschubeinrichtung fuer Fuellbleistifte, Kugelschreiber u. dgl.."
1742641412-2312,"Patent DE-811086, applied in 1948, Uhu. Tintenleiter fuer Fuellfederhalter.",DE-811086,Uhu,2312,,,,
1742641412-2313,"Patent FR-988082, applied in 1949, Stylomine. Bagues élastiques pour stylographes.",FR-988082,Stylomine,2313,,,,
1742641412-2314,"Patent US-2565667, applied in 1948, by Armando Simoni, Officine Meccaniche Armando Simoni. Reservoir pen.",US-2565667,Officine Meccaniche Armando Simoni,2314,US-2565667,1948,Armando Simoni,Reservoir pen.
1742641412-2315,"Patent GB-656673, applied in 1948, by Edward Stephen Sears, Swan. Improvements in Nib Sections for Fountain Pens.",GB-656673,Swan,2315,GB-656673,1948,Edward Stephen Sears,Improvements in Nib Sections for Fountain Pens.
1742641412-2316,"Patent DE-1628052U, applied in 1951, Kaweco. Schaustück für reklamezwecke.",DE-1628052U,Kaweco,2316,,,,
1742641412-2317,"Patent DE-1628067U, applied in 1951, Kaweco. Röhrchen-Tintenschreiber.",DE-1628067U,Kaweco,2317,,,,
1742641412-2318,"Patent DE-813669, applied in 1948, Uhu. Fuellfederhalter.",DE-813669,Uhu,2318,,,,
1742641412-2319,"Patent FR-989530, applied in 1949, by Edward Terrell, Edward Stephen Sears, Swan. Amélioration aux porte-plume réservoirs ou les concernant.",FR-989530,Swan,2319,FR-989530,1949,Edward Terrell,Amélioration aux porte-plume réservoirs ou les concernant.
1742641412-2320,"Patent FR-990285, applied in 1949, Stylomine. Nouveau mode de réalisation de section de stylographe à plume capotée.",FR-990285,Stylomine,2320,,,,
1742641412-2321,"Patent DE-814119, applied in 1948, by Christoph Kunkel, Uhu. Tintenleiterdichtung fuer Fuellfederhalter.",DE-814119,Uhu,2321,DE-814119,1948,Christoph Kunkel,Tintenleiterdichtung fuer Fuellfederhalter.
1742641412-2322,"Patent DE-814572, applied in 1949, by Gregor Miltner, Faber-Castell. Tintenleiter fuer Fuellfederhalter.",DE-814572,Faber-Castell,2322,DE-814572,1949,Gregor Miltner,Tintenleiter fuer Fuellfederhalter.
1742641412-2323,"Patent CA-477244, applied in 1949, by William J. Tully et al, Eclipse. Ball point pens.",CA-477244,Eclipse,2323,CA-477244,1949,William J. Tully et al,Ball point pens.
1742641412-2324,"Patent FR-990926, applied in 1949, Bayard. Perfectionnements aux clips pour stylographes et porte-mines.",FR-990926,Bayard,2324,,,,
1742641412-2325,"Patent FR-991812, applied in 1949, by Pierre-Marie-Joseph Ledieu, Unbranded. Système régulateur d'alimentation pour porte-plumes réservoirs et similaires.",FR-991812,Unbranded,2325,FR-991812,1949,Pierre-Marie-Joseph Ledieu,Système régulateur d'alimentation pour porte-plumes réservoirs et similaires.
1742641412-2326,"Patent CH-278313, applied in 1949, Soennecken. Füllhalter mit Kolbenfüllung.",CH-278313,Soennecken,2326,,,,
1742641412-2327,"Patent DE-816965, applied in 1949, by Konrad Kressel et al, Montblanc. Schreibkugel-Füllhalter.",DE-816965,Montblanc,2327,DE-816965,1949,Konrad Kressel et al,Schreibkugel-Füllhalter.
1742641412-2328,"Patent FR-992128, applied in 1944, JiF. Porte-plume à capuchon.",FR-992128,JiF,2328,,,,
1742641412-2329,"Patent DE-817414, applied in 1949, by Walter Fischer, Uhu. Verschlusskappe fuer Kugelschreiber.",DE-817414,Uhu,2329,DE-817414,1949,Walter Fischer,Verschlusskappe fuer Kugelschreiber.
1742641412-2330,"Patent DE-817415, applied in 1950, by Walter Fischer, Uhu. Kugelschreiber mit in der Halterkappe angeordnetem Dichtungspolster.",DE-817415,Uhu,2330,DE-817415,1950,Walter Fischer,Kugelschreiber mit in der Halterkappe angeordnetem Dichtungspolster.
1742641412-2331,"Patent DE-818614, applied in 1949, by Etienne Panici, Bayard. Einhaengeklemme fuer Fuellfeder- und Bleistifthalter.",DE-818614,Bayard,2331,DE-818614,1949,Etienne Panici,Einhaengeklemme fuer Fuellfeder- und Bleistifthalter.
1742641412-2332,"Patent DE-819511, applied in 1948, by Gregor Miltner, Faber-Castell. Fuellfederhalter mit einem mindestens in einem Teil seiner Laenge durchsichtigen, mit Musterungen versehenen Tintenbehaelter.",DE-819511,Faber-Castell,2332,DE-819511,1948,Gregor Miltner,"Fuellfederhalter mit einem mindestens in einem Teil seiner Laenge durchsichtigen, mit Musterungen versehenen Tintenbehaelter."
1742641412-2333,"Patent DE-820097, applied in 1948, by Gregor Miltner, Faber-Castell. Taschenklammer fuer Schreibgeraete, wie Fuellhalter, Fuellbleistifte u. dgl..",DE-820097,Faber-Castell,2333,DE-820097,1948,Gregor Miltner,"Taschenklammer fuer Schreibgeraete, wie Fuellhalter, Fuellbleistifte u. dgl.."
1742641412-2334,"Patent DE-820098, applied in 1949, by Paul Buschle, Compaktor. Federeinsatzteil fuer Fuellfederhalter.",DE-820098,Compaktor,2334,DE-820098,1949,Paul Buschle,Federeinsatzteil fuer Fuellfederhalter.
1742641412-2335,"Patent DE-820253, applied in 1950, by Emil Gühne et al, Soennecken. Füllfederhalter, bei dem die Feder zwischen der Innenwand des Halterschaftes und des Tintenleiters festgeklemmt ist.",DE-820253,Soennecken,2335,DE-820253,1950,Emil Gühne et al,"Füllfederhalter, bei dem die Feder zwischen der Innenwand des Halterschaftes und des Tintenleiters festgeklemmt ist."
1742641412-2336,"Patent DE-820866, applied in 1950, by Walter Fischer, Uhu. Tintenbehaelter.",DE-820866,Uhu,2336,DE-820866,1950,Walter Fischer,Tintenbehaelter.
1742641412-2337,"Patent DE-821773, applied in 1950, Geha. Druckbleistift.",DE-821773,Geha,2337,,,,
1742641412-2338,"Patent DE-1631271U, applied in 1951, Montblanc. Schreibfeder.",DE-1631271U,Montblanc,2338,,,,
1742641412-2339,"Patent DE-822509, applied in 1950, Geha. Schreibröhrchen für Tintenfüllfederhalter.",DE-822509,Geha,2339,,,,
1742641412-2340,"Patent DE-824000, applied in 1950, by Christoph Kunkel, Uhu. Betätigungsvorrichtung für Füllhalter mit Saugkolben.",DE-824000,Uhu,2340,DE-824000,1950,Christoph Kunkel,Betätigungsvorrichtung für Füllhalter mit Saugkolben.
1742641412-2341,"Patent DE-824455, applied in 1943, by Josef C. Lamy, Lamy. Fuellhalter mit Saugkolben.",DE-824455,Lamy,2341,DE-824455,1943,Josef C. Lamy,Fuellhalter mit Saugkolben.
1742641412-2342,"Patent US-2579342, applied in 1945, by Edward Stephen Sears, Swan. Fountain pen.",US-2579342,Swan,2342,US-2579342,1945,Edward Stephen Sears,Fountain pen.
1742641412-2343,"Patent FR-996587, applied in 1945, JiF. Porte-plume réservoir.",FR-996587,JiF,2343,,,,
1742641412-2344,"Patent US-2580753, applied in 1945, by Herman C. Frentzel, The Parker Pen Company. Ball point fountain pen.",US-2580753,The Parker Pen Company,2344,US-2580753,1945,Herman C. Frentzel,Ball point fountain pen.
1742641412-2345,"Patent US-2581739, applied in 1945, by Russell T. Wing, The Parker Pen Company. Fountain pen.",US-2581739,The Parker Pen Company,2345,US-2581739,1945,Russell T. Wing,Fountain pen.
1742641412-2346,"Patent US-2581740, applied in 1946, by Russell T. Wing, The Parker Pen Company. Fountain pen.",US-2581740,The Parker Pen Company,2346,US-2581740,1946,Russell T. Wing,Fountain pen.
1742641412-2347,"Patent DE-827908, applied in 1948, by Josef C. Lamy, Lamy. Fuellhalter mit Saugkolben.",DE-827908,Lamy,2347,DE-827908,1948,Josef C. Lamy,Fuellhalter mit Saugkolben.
1742641412-2348,"Patent DE-828966, applied in 1950, by Theodor Kovacs, Günther Wagner - Pelikan. Tintenleiter für Füllfederhalter.",DE-828966,Günther Wagner - Pelikan,2348,DE-828966,1950,Theodor Kovacs,Tintenleiter für Füllfederhalter.
1742641412-2349,"Patent DE-829714, applied in 1950, by Christoph Kunkel, Uhu. Verschlusskappenverschraubung an Fuellhaltern.",DE-829714,Uhu,2349,DE-829714,1950,Christoph Kunkel,Verschlusskappenverschraubung an Fuellhaltern.
1742641412-2350,"Patent DE-1633897U, applied in 1951, Kaweco. Werbe-Attrappe zum Schaustellen von Waren, insbesondere Schreibgeräten.",DE-1633897U,Kaweco,2350,,,,
1742641412-2351,"Patent GB-666145, applied in 1949, by David Harrison, Wyvern Fountain Pen Company. Improvements in or relating to Fountain Pens.",GB-666145,Wyvern Fountain Pen Company,2351,GB-666145,1949,David Harrison,Improvements in or relating to Fountain Pens.
1742641412-2352,"Patent GB-666508, applied in 1948, by Armando Simoni, Officine Meccaniche Armando Simoni. Improvements in reservoir pens.",GB-666508,Officine Meccaniche Armando Simoni,2352,GB-666508,1948,Armando Simoni,Improvements in reservoir pens.
1742641412-2353,"Patent GB-666830, applied in 1949, Geha. Improvements in or relating to fountain pens.",GB-666830,Geha,2353,,,,
1742641412-2354,"Patent FR-1001319, applied in 1946, JiF. Porte-mine perfectionné.",FR-1001319,JiF,2354,,,,
1742641412-2355,"Patent DE-832559, applied in 1949, by Arnoldus Johann Michaël van der Akker, Unbranded. Schreibgerät mit konvergierenden Federspitzen.",DE-832559,Unbranded,2355,DE-832559,1949,Arnoldus Johann Michaël van der Akker,Schreibgerät mit konvergierenden Federspitzen.
1742641412-2356,"Patent DE-832720, applied in 1950, by Friedrich Grube, Kaweco. Kugelschreiber mit Tintenfuellung.",DE-832720,Kaweco,2356,DE-832720,1950,Friedrich Grube,Kugelschreiber mit Tintenfuellung.
1742641412-2357,"Patent CH-281156, applied in 1945, The Parker Pen Company. Füllfederhalter.",CH-281156,The Parker Pen Company,2357,,,,
1742641412-2358,"Patent US-2587949, applied in 1950, by Harlan H. Zodtner, The Parker Pen Company. Fountain pen.",US-2587949,The Parker Pen Company,2358,US-2587949,1950,Harlan H. Zodtner,Fountain pen.
1742641412-2359,"Patent US-2588015, applied in 1948, by Herman Kochendoerffer, Unbranded. Pen.",US-2588015,Unbranded,2359,US-2588015,1948,Herman Kochendoerffer,Pen.
1742641412-2360,"Patent FR-1002930, applied in 1946, JiF. Instrument graphique.",FR-1002930,JiF,2360,,,,
1742641412-2361,"Patent DE-834963, applied in 1950, by Peter Franz, Felger & Co. Patentstift und Metallwarenfabrik. Füllschreibstift.",DE-834963,Felger & Co. Patentstift und Metallwarenfabrik,2361,DE-834963,1950,Peter Franz,Patentstift und Metallwarenfabrik. Füllschreibstift.
1742641412-2362,"Patent DE-835414, applied in 1950, by Konrad Kressel et al, Montblanc. Tintenleiter für Füllfederhalter.",DE-835414,Montblanc,2362,DE-835414,1950,Konrad Kressel et al,Tintenleiter für Füllfederhalter.
1742641412-2363,"Patent DE-835416, applied in 1950, by Otto Axtmann, Uhu. Einsatzgefaess fuer Hohlbehaelter.",DE-835416,Uhu,2363,DE-835416,1950,Otto Axtmann,Einsatzgefaess fuer Hohlbehaelter.
1742641412-2364,"Patent DE-1636577U, applied in 1950, Kaweco. Kugelschreiber mit Tintenfuellung.",DE-1636577U,Kaweco,2364,,,,
1742641412-2365,"Patent DE-835853, applied in 1949, by Gregor Miltner, Faber-Castell. Füllfederhalter mit Schraubkolben und unverlierbarem Drehknopf.",DE-835853,Faber-Castell,2365,DE-835853,1949,Gregor Miltner,Füllfederhalter mit Schraubkolben und unverlierbarem Drehknopf.
1742641412-2366,"Patent FR-1005453, applied in 1947, Stylomine. Procédé de fabrication d'objets en bakélite à décors métalliques.",FR-1005453,Stylomine,2366,,,,
1742641412-2367,"Patent FR-1005485, applied in 1947, Stylomine. Perfectionnements à la construction des stylographes.",FR-1005485,Stylomine,2367,,,,
1742641412-2368,"Patent US-2593082, applied in 1947, by Fred D. Woods, Autopoint. Fountain pen.",US-2593082,Autopoint,2368,US-2593082,1947,Fred D. Woods,Fountain pen.
1742641412-2369,"Patent DE-1637249U, applied in 1952, by Paul Buschle, Compaktor. Fuellfederhalter mit durchsichtiger schlusskappe und durchsichtiger stirnplatte mit hinterlegtem signierplaettchen.",DE-1637249U,Compaktor,2369,DE-1637249U,1952,Paul Buschle,Fuellfederhalter mit durchsichtiger schlusskappe und durchsichtiger stirnplatte mit hinterlegtem signierplaettchen.
1742641412-2370,"Patent FR-1006326, applied in 1947, Uhu. Porte-mine à magasin.",FR-1006326,Uhu,2370,,,,
1742641412-2371,"Patent FR-1006658, applied in 1947, Uhu. Porte-plume réservoir.",FR-1006658,Uhu,2371,,,,
1742641412-2372,"Patent DE-838871, applied in 1950, by Konrad Kressel et al, Montblanc. Schreibkugel-Füllhalter.",DE-838871,Montblanc,2372,DE-838871,1950,Konrad Kressel et al,Schreibkugel-Füllhalter.
1742641412-2373,"Patent FR-1009170, applied in 1950, by Robert Marie Émile Ernest Ferdinand de Riverieulx, Unbranded. Agrafe élastique, notamment pour capuchon de stylographe.",FR-1009170,Unbranded,2373,FR-1009170,1950,Robert Marie Émile Ernest Ferdinand de Riverieulx,"Agrafe élastique, notamment pour capuchon de stylographe."
1742641412-2374,"Patent US-2598171, applied in 1948, by Philip C. Hull, The Parker Pen Company. Nib for writing pens.",US-2598171,The Parker Pen Company,2374,US-2598171,1948,Philip C. Hull,Nib for writing pens.
1742641412-2375,"Patent DE-840521, applied in 1950, by Josef C. Lamy, Lamy. Füllhalter mit gekoppeltem Schlußkäppchen.",DE-840521,Lamy,2375,DE-840521,1950,Josef C. Lamy,Füllhalter mit gekoppeltem Schlußkäppchen.
1742641412-2376,"Patent FR-1009954, applied in 1948, Uhu. Conduit de porte-plume réservoir.",FR-1009954,Uhu,2376,,,,
1742641412-2377,"Patent US-2601846, applied in 1947, by Henry C. Klagges, Esterbrook. Writing pen assembly.",US-2601846,Esterbrook,2377,US-2601846,1947,Henry C. Klagges,Writing pen assembly.
1742641412-2378,"Patent US-2603189, applied in 1947, by Mario Segre, W. A. Sheaffer Pen Company. Fountain pen.",US-2603189,W. A. Sheaffer Pen Company,2378,US-2603189,1947,Mario Segre,A. Sheaffer Pen Company. Fountain pen.
1742641412-2379,"Patent BE-512452, applied in 1951, Lang - Curzon - Summit. Perfectionnement apportes aux agrafe de poche, pour porte-plume à réservoir, crayons et semblables.",BE-512452,Lang - Curzon - Summit,2379,,,,
1742641412-2380,"Patent DE-844421, applied in 1950, Geha. Schreibfeder für Füllfederhalter.",DE-844421,Geha,2380,,,,
1742641412-2381,"Patent DE-845322, applied in 1951, by Josef C. Lamy, Lamy. Füllhalterschutzklappe mit innerer Dichtungskappe.",DE-845322,Lamy,2381,DE-845322,1951,Josef C. Lamy,Füllhalterschutzklappe mit innerer Dichtungskappe.
1742641412-2382,"Patent US-2605745, applied in 1948, by Karl Weisser, David Kahn, Wearever. Fountain pen.",US-2605745,Wearever,2382,US-2605745,1948,Karl Weisser,Fountain pen.
1742641412-2383,"Patent US-2605746, applied in 1947, by David Kahn, Karl Weisser, Wearever. Fountain pen.",US-2605746,Wearever,2383,US-2605746,1947,David Kahn,Fountain pen.
1742641412-2384,"Patent DE-846072, applied in 1951, by Ernst Rösler, Montblanc. Flüssigkeitsbehälter.",DE-846072,Montblanc,2384,DE-846072,1951,Ernst Rösler,Flüssigkeitsbehälter.
1742641412-2385,"Patent DE-846221, applied in 1949, by Heinrich Schwarting et al, Montblanc. Mechanik für Kolbenfüller.",DE-846221,Montblanc,2385,DE-846221,1949,Heinrich Schwarting et al,Mechanik für Kolbenfüller.
1742641412-2386,"Patent DE-847271, applied in 1949, by Gregor Miltner, Osmia, Faber-Castell. Druckfuellbleistift.",DE-847271,Osmia,2386,DE-847271,1949,Gregor Miltner,Druckfuellbleistift.
1742641412-2387,"Patent GB-679065, applied in 1950, by Eric Ernest Samuel Wade, Charlesworth Livsey, Lang - Curzon - Summit. Improvements in pocket clips for fountain pens, pencils and the like.",GB-679065,Lang - Curzon - Summit,2387,GB-679065,1950,Eric Ernest Samuel Wade,"Improvements in pocket clips for fountain pens, pencils and the like."
1742641412-2388,"Patent US-2610611, applied in 1948, by Lynn P. Martin, W. A. Sheaffer Pen Company. Writing instrument.",US-2610611,W. A. Sheaffer Pen Company,2388,US-2610611,1948,Lynn P. Martin,A. Sheaffer Pen Company. Writing instrument.
1742641412-2389,"Patent US-2610612, applied in 1949, by Lynn P. Martin, W. A. Sheaffer Pen Company. Writing instrument.",US-2610612,W. A. Sheaffer Pen Company,2389,US-2610612,1949,Lynn P. Martin,A. Sheaffer Pen Company. Writing instrument.
1742641412-2390,"Patent DE-1644009U, applied in 1952, Kaweco. Zelluloidfüllhalter.",DE-1644009U,Kaweco,2390,,,,
1742641412-2391,"Patent DE-850124, applied in 1943, by Konrad Kressel, Montblanc. Taschenklammer für Schreibgeräte.",DE-850124,Montblanc,2391,DE-850124,1943,Konrad Kressel,Taschenklammer für Schreibgeräte.
1742641412-2392,"Patent GB-679783, applied in 1950, by Edward Stephen Sears, Swan. Improvements in Nib Sections for Fountain Pens.",GB-679783,Swan,2392,GB-679783,1950,Edward Stephen Sears,Improvements in Nib Sections for Fountain Pens.
1742641412-2393,"Patent DE-851465, applied in 1944, by Josef C. Lamy, Lamy. Fuellhalter mit Saugkolben.",DE-851465,Lamy,2393,DE-851465,1944,Josef C. Lamy,Fuellhalter mit Saugkolben.
1742641412-2394,"Patent US-2612867, applied in 1948, by Marlin S. Baker, Harlan H. Zodtner, The Parker Pen Company. Fountain pen.",US-2612867,The Parker Pen Company,2394,US-2612867,1948,Marlin S. Baker,"Zodtner, The Parker Pen Company. Fountain pen."
1742641412-2395,"Patent DE-854167, applied in 1944, by Josef C. Lamy, Lamy. Fuellhalter mit Saugkolben.",DE-854167,Lamy,2395,DE-854167,1944,Josef C. Lamy,Fuellhalter mit Saugkolben.
1742641412-2396,"Patent US-2617387, applied in 1947, by Max Knobel, W. A. Sheaffer Pen Company. Writing instrument.",US-2617387,W. A. Sheaffer Pen Company,2396,US-2617387,1947,Max Knobel,A. Sheaffer Pen Company. Writing instrument.
1742641412-2397,"Patent FR-1016440, applied in 1950, Stylomine. Procédé de montage des agrafes de stylographes, porte-mines, etc..",FR-1016440,Stylomine,2397,,,,
1742641412-2398,"Patent DE-856114, applied in 1950, by Josef C. Lamy, Lamy. Fuellhalter.",DE-856114,Lamy,2398,DE-856114,1950,Josef C. Lamy,Fuellhalter.
1742641412-2399,"Patent DE-856273, applied in 1950, by William F. Johnson, Mentmore. Feder fuer Fuellfederhalter.",DE-856273,Mentmore,2399,DE-856273,1950,William F. Johnson,Feder fuer Fuellfederhalter.
1742641412-2400,"Patent DE-856569, applied in 1948, by Henry C. Klagges, Harold E. Steinberg, Esterbrook. Tintenbehaelter.",DE-856569,Esterbrook,2400,DE-856569,1948,Henry C. Klagges,"Steinberg, Esterbrook. Tintenbehaelter."
1742641412-2401,"Patent US-2619070, applied in 1946, by Marlin S. Baker, The Parker Pen Company. Ink feed and overflow collector means for fountain pens.",US-2619070,The Parker Pen Company,2401,US-2619070,1946,Marlin S. Baker,Ink feed and overflow collector means for fountain pens.
1742641412-2402,"Patent US-2620774, applied in 1948, by James A. Mustard, The Parker Pen Company. Fountain pen.",US-2620774,The Parker Pen Company,2402,US-2620774,1948,James A. Mustard,Fountain pen.
1742641412-2403,"Patent US-2621629, applied in 1947, by Henry C. Klagges, Esterbrook. Inkwell.",US-2621629,Esterbrook,2403,US-2621629,1947,Henry C. Klagges,Inkwell.
1742641412-2404,"Patent US-2624315, applied in 1949, by Karl Weisser, David Kahn, Wearever. Fountain pen.",US-2624315,Wearever,2404,US-2624315,1949,Karl Weisser,Fountain pen.
1742641412-2405,"Patent GB-685706, applied in 1949, Eclipse. Improvements in and relating to ball point pens.",GB-685706,Eclipse,2405,,,,
1742641412-2406,"Patent DE-863767, applied in 1942, by Josef C. Lamy, Lamy. Wechselschreibstift.",DE-863767,Lamy,2406,DE-863767,1942,Josef C. Lamy,Wechselschreibstift.
1742641412-2407,"Patent BE-513137, applied in 1951, by Guy Frédéric Rigondaud, Platignum. Stylographe.",BE-513137,Platignum,2407,BE-513137,1951,Guy Frédéric Rigondaud,Stylographe.
1742641412-2408,"Patent FR-1020261, applied in 1950, by George Shey, Unbranded. Porte-plume réservoir.",FR-1020261,Unbranded,2408,FR-1020261,1950,George Shey,Porte-plume réservoir.
1742641412-2409,"Patent DE-867212, applied in 1951, by Josef C. Lamy, Lamy. Fuellhalter mit Saugkolben.",DE-867212,Lamy,2409,DE-867212,1951,Josef C. Lamy,Fuellhalter mit Saugkolben.
1742641412-2410,"Patent DE-867213, applied in 1951, by Josef C. Lamy, Lamy. Tintenleiteranordnung.",DE-867213,Lamy,2410,DE-867213,1951,Josef C. Lamy,Tintenleiteranordnung.
1742641412-2411,"Patent US-2628431, applied in 1949, by Dave Chapman, The Parker Pen Company. Fountain pen cleaning device.",US-2628431,The Parker Pen Company,2411,US-2628431,1949,Dave Chapman,Fountain pen cleaning device.
1742641412-2412,"Patent DE-870806, applied in 1951, by Ernst Rösler, Montblanc. Verschliessbarer Behälter.",DE-870806,Montblanc,2412,DE-870806,1951,Ernst Rösler,Verschliessbarer Behälter.
1742641412-2413,"Patent DE-870813, applied in 1942, by Paul Buschle, Compaktor. Fuellfederhalter mit einem im hinteren Ende des Halterschaftes angeordneten Hohlkolben.",DE-870813,Compaktor,2413,DE-870813,1942,Paul Buschle,Fuellfederhalter mit einem im hinteren Ende des Halterschaftes angeordneten Hohlkolben.
1742641412-2414,"Patent US-2631569, applied in 1946, by Henry C. Klagges, Esterbrook. Fountain pen with positioning means for the ink sac thereof.",US-2631569,Esterbrook,2414,US-2631569,1946,Henry C. Klagges,Fountain pen with positioning means for the ink sac thereof.
1742641412-2415,"Patent GB-688902, applied in 1949, by Jonh George Burnham, Burnham. Improvements relating to fountain pens.",GB-688902,Burnham,2415,GB-688902,1949,Jonh George Burnham,Improvements relating to fountain pens.
1742641412-2416,"Patent DE-1653241U, applied in 1952, Geha. Druckfüllbleistift.",DE-1653241U,Geha,2416,,,,
1742641412-2417,"Patent DE-873365, applied in 1944, by Josef C. Lamy, Lamy. Fuellhalter mit Verstellung des Saugkolbens durch teleskopartig ineinander verschraubbare Teile.",DE-873365,Lamy,2417,DE-873365,1944,Josef C. Lamy,Fuellhalter mit Verstellung des Saugkolbens durch teleskopartig ineinander verschraubbare Teile.
1742641412-2418,"Patent DK-75743, applied in 1948, Lang - Curzon - Summit. Clip for pens.",DK-75743,Lang - Curzon - Summit,2418,,,,
1742641412-2419,"Patent US-D169456, applied in 1952, by Nolan Kent Rhoades, The Parker Pen Company. Pocket clip.",US-D169456,The Parker Pen Company,2419,US-D169456,1952,Nolan Kent Rhoades,Pocket clip.
1742641412-2420,"Patent FR-1026695, applied in 1950, Walkover. Régulateur de débit d'un liquide, applicable, notamment, comme régulateur de débit d'encre, pour appareils à écrire.",FR-1026695,Walkover,2420,,,,
1742641412-2421,"Patent DE-875462, applied in 1940, by Emil Wenzel, Soennecken. Tintenleiter mit einem mit Kapillarkanaelen verbundenen Luftkanal fuer Fuellhalter mit durch Druck verstellbarem Fuellkolben.",DE-875462,Soennecken,2421,DE-875462,1940,Emil Wenzel,Tintenleiter mit einem mit Kapillarkanaelen verbundenen Luftkanal fuer Fuellhalter mit durch Druck verstellbarem Fuellkolben.
1742641412-2422,"Patent DE-1656016U, applied in 1952, Geha. Druckfüllbleistift.",DE-1656016U,Geha,2422,,,,
1742641412-2423,"Patent DE-1656017U, applied in 1952, Geha. Druckfüllbleistift.",DE-1656017U,Geha,2423,,,,
1742641412-2424,"Patent FR-1028424, applied in 1950, Bayard. Perfectionnements aux stylos à bille.",FR-1028424,Bayard,2424,,,,
1742641412-2425,"Patent US-2640297, applied in 1952, by Soren S. Adams, Unbranded. Explosive fountain pen.",US-2640297,Unbranded,2425,US-2640297,1952,Soren S. Adams,Explosive fountain pen.
1742641412-2426,"Patent DE-879811, applied in 1951, by Manfred Fischer, Uhu. Schreibspitze für Kugelschreiber.",DE-879811,Uhu,2426,DE-879811,1951,Manfred Fischer,Schreibspitze für Kugelschreiber.
1742641412-2427,"Patent FR-1031303, applied in 1951, Edacoto. Stylographe à bille à encre fluide.",FR-1031303,Edacoto,2427,,,,
1742641412-2428,"Patent US-2642842, applied in 1946, by David Kahn, Karl Weisser, Wearever. Fountain pen.",US-2642842,Wearever,2428,US-2642842,1946,David Kahn,Fountain pen.
1742641412-2429,"Patent FR-1032362, applied in 1951, JiF, Waterman. Perfectionnements aux porte-plume réservoirs.",FR-1032362,JiF,2429,,,,
1742641412-2430,"Patent DE-882047, applied in 1947, by Floyd E. Bartell et al, The Parker Pen Company. Fuellfederhalter.",DE-882047,The Parker Pen Company,2430,DE-882047,1947,Floyd E. Bartell et al,Fuellfederhalter.
1742641412-2431,"Patent US-RE23683, applied in 1952, by Mario Segre, W. A. Sheaffer Pen Company. Fountain pen.",US-RE23683,W. A. Sheaffer Pen Company,2431,US-RE23683,1952,Mario Segre,A. Sheaffer Pen Company. Fountain pen.
1742641412-2432,"Patent US-2645205, applied in 1948, by Robert W. Randolph, The Parker Pen Company. Fountain pen.",US-2645205,The Parker Pen Company,2432,US-2645205,1948,Robert W. Randolph,Fountain pen.
1742641412-2433,"Patent US-2645206, applied in 1948, by David F. Mohns, The Parker Pen Company. Writing pen.",US-2645206,The Parker Pen Company,2433,US-2645206,1948,David F. Mohns,Writing pen.
1742641412-2434,"Patent DK-76166, applied in 1949, Geha. Improvements in or relating to fountain pens.",DK-76166,Geha,2434,,,,
1742641412-2435,"Patent DE-761811, applied in 1941, by Emil Ghüne, Emil Wenzel, Soennecken. Tintenfass mit im Vorratsraum angeordnetem, als Saugkolben wirkendem Verschlusskoerper.",DE-761811,Soennecken,2435,DE-761811,1941,Emil Ghüne,"Tintenfass mit im Vorratsraum angeordnetem, als Saugkolben wirkendem Verschlusskoerper."
1742641412-2436,"Patent US-2648309, applied in 1950, by Floyd E. Bartell, The Parker Pen Company. Fountain pen.",US-2648309,The Parker Pen Company,2436,US-2648309,1950,Floyd E. Bartell,Fountain pen.
1742641412-2437,"Patent FR-57796E, applied in 1945, by Lucien Claret, Météore - La Plume d'Or. Perfectionnements aux porte-plumes réservoirs.",FR-57796E,Météore - La Plume d'Or,2437,FR-57796E,1945,Lucien Claret,Perfectionnements aux porte-plumes réservoirs.
1742641412-2438,"Patent FR-1033293, applied in 1951, Stylomine. Régulateur d'écoulement pour distributeur de liquide et notamment pour instrument à écrire.",FR-1033293,Stylomine,2438,,,,
1742641412-2439,"Patent FR-1037142, applied in 1951, Stylomine. Perfectionnement aux porte-plume à réservoir.",FR-1037142,Stylomine,2439,,,,
1742641412-2440,"Patent FR-1037143, applied in 1951, Stylomine. Régulateur d'écoulement pour distributeur de liquide et notamment pour instrument à écrire.",FR-1037143,Stylomine,2440,,,,
1742641412-2441,"Patent FR-57926E, applied in 1948, by Henri Borrus, Unbranded. Perfectionnements aux stylographes.",FR-57926E,Unbranded,2441,FR-57926E,1948,Henri Borrus,Perfectionnements aux stylographes.
1742641412-2442,"Patent DE-755511, applied in 1941, by Emil Ghüne, Soennecken. Fuellhalter.",DE-755511,Soennecken,2442,DE-755511,1941,Emil Ghüne,Fuellhalter.
1742641412-2443,"Patent FR-1040173, applied in 1951, by Guy Frédéric Rigondaud, Platignum. Stylographe.",FR-1040173,Platignum,2443,FR-1040173,1951,Guy Frédéric Rigondaud,Stylographe.
1742641412-2444,"Patent FR-1041399, applied in 1951, Stylomine. Pince agrafe pour porte-plume et porte-mines.",FR-1041399,Stylomine,2444,,,,
1742641412-2445,"Patent DE-894217, applied in 1952, Kaweco. Klipp fuer Fuellhalter u. dgl..",DE-894217,Kaweco,2445,,,,
1742641412-2446,"Patent DE-894218, applied in 1950, Fend. Tintenleiter mit Feder fuer Fuellfederhalter.",DE-894218,Fend,2446,,,,
1742641412-2447,"Patent AT-176469, applied in 1951, Centropen. Füllfeder.",AT-176469,Centropen,2447,,,,
1742641412-2448,"Patent FR-1042361, applied in 1950, Mentmore. Plume pour porte-plume à réservoir.",FR-1042361,Mentmore,2448,,,,
1742641412-2449,"Patent FR-1045856, applied in 1950, by Theodor Kovacs, Günther Wagner - Pelikan. Stylographe.",FR-1045856,Günther Wagner - Pelikan,2449,FR-1045856,1950,Theodor Kovacs,Stylographe.
1742641412-2450,"Patent DE-898866, applied in 1952, by Fritz Lauerbach, Gregor Miltner, Faber-Castell. Fuellhalter, insbesondere Fuellfederhalter.",DE-898866,Faber-Castell,2450,DE-898866,1952,Fritz Lauerbach,"Fuellhalter, insbesondere Fuellfederhalter."
1742641412-2451,"Patent DE-1668306U, applied in 1953, Montblanc. Druckfüllbleistift.",DE-1668306U,Montblanc,2451,,,,
1742641412-2452,"Patent FR-1047934, applied in 1950, by Hendrik Karel Domenicus van den Bussche, Unbranded. Stylographe à bille.",FR-1047934,Unbranded,2452,FR-1047934,1950,Hendrik Karel Domenicus van den Bussche,Stylographe à bille.
1742641412-2453,"Patent FR-1048242, applied in 1952, by H. Boursier, R. Petit, Société des établissements christian. Clip pour stylographes, porte-mines et analogues.",FR-1048242,Société des établissements christian,2453,FR-1048242,1952,H. Boursier,"Petit, Société des établissements christian. Clip pour stylographes, porte-mines et analogues."
1742641412-2454,"Patent DE-900667, applied in 1951, by Balthasar Götz, Unbranded. Einsatzspitze für Kugelschreiber mit Flüssigkeitsfüllung von vorne.",DE-900667,Unbranded,2454,DE-900667,1951,Balthasar Götz,Einsatzspitze für Kugelschreiber mit Flüssigkeitsfüllung von vorne.
1742641412-2455,"Patent DE-900908, applied in 1950, by Heinrich Schwarting et al, Montblanc. Teleskopmechanik für Kolbenfüller.",DE-900908,Montblanc,2455,DE-900908,1950,Heinrich Schwarting et al,Teleskopmechanik für Kolbenfüller.
1742641412-2456,"Patent US-2669224, applied in 1950, by Benjamin F. Miessner, Unbranded. Pen nib with spreader.",US-2669224,Unbranded,2456,US-2669224,1950,Benjamin F. Miessner,Pen nib with spreader.
1742641412-2457,"Patent US-2670711, applied in 1947, by Frederick R. Wittnebert, The Parker Pen Company. Fountain pen.",US-2670711,The Parker Pen Company,2457,US-2670711,1947,Frederick R. Wittnebert,Fountain pen.
1742641412-2458,"Patent GB-705613, applied in 1951, by Balthasar Götz, Unbranded. Improvements in Self-Filling Ball Point Pens.",GB-705613,Unbranded,2458,GB-705613,1951,Balthasar Götz,Improvements in Self-Filling Ball Point Pens.
1742641412-2459,"Patent FR-1058739, applied in 1951, by Theodor Kovacs, Günther Wagner - Pelikan. Porte-plume réservoir.",FR-1058739,Günther Wagner - Pelikan,2459,FR-1058739,1951,Theodor Kovacs,Porte-plume réservoir.
1742641412-2460,"Patent DE-1673570U, applied in 1952, Montblanc. Tintenleiterbuchse mit Verpackungshülse für Füllfederhalter.",DE-1673570U,Montblanc,2460,,,,
1742641412-2461,"Patent DE-907749, applied in 1952, by Josef C. Lamy, Lamy. Druckfuellbleistift.",DE-907749,Lamy,2461,DE-907749,1952,Josef C. Lamy,Druckfuellbleistift.
1742641412-2462,"Patent DE-907750, applied in 1952, by Josef C. Lamy, Lamy. Ausbildung und Anordnung der Tintenführung bei Füllhaltern.",DE-907750,Lamy,2462,DE-907750,1952,Josef C. Lamy,Ausbildung und Anordnung der Tintenführung bei Füllhaltern.
1742641412-2463,"Patent FR-1060384, applied in 1951, Lang - Curzon - Summit. Perfectionnement aux pinces de poche pour porte-plume à réservoir, crayon ou articles analogues.",FR-1060384,Lang - Curzon - Summit,2463,,,,
1742641412-2464,"Patent FR-1060752, applied in 1947, by Eric Ernest Samuel Wade, Charlesworth Livsey, Lang - Curzon - Summit. Perfectionnement aux agrafes de poche pour stylographes, crayons et analogues.",FR-1060752,Lang - Curzon - Summit,2464,FR-1060752,1947,Eric Ernest Samuel Wade,"Perfectionnement aux agrafes de poche pour stylographes, crayons et analogues."
1742641412-2465,"Patent DE-1674855U, applied in 1954, Mars Staedtler. Druckschreibstift.",DE-1674855U,Mars Staedtler,2465,,,,
1742641412-2466,"Patent US-2676570, applied in 1949, by Harry J. Fahringer, Wearever. Writing instrument.",US-2676570,Wearever,2466,US-2676570,1949,Harry J. Fahringer,Writing instrument.
1742641412-2467,"Patent GB-708633, applied in 1950, by Theodor Kovacs, Günther Wagner - Pelikan. Improvements in fountain pens.",GB-708633,Günther Wagner - Pelikan,2467,GB-708633,1950,Theodor Kovacs,Improvements in fountain pens.
1742641412-2468,"Patent FR-1063990, applied in 1952, Edacoto. Porte-plume réservoir à remplissage automatique du type à réserve de secours.",FR-1063990,Edacoto,2468,,,,
1742641412-2469,"Patent US-2678635, applied in 1949, by Henry C. Klagges, Harold E. Steinberg, Esterbrook. Writing equipment.",US-2678635,Esterbrook,2469,US-2678635,1949,Henry C. Klagges,"Steinberg, Esterbrook. Writing equipment."
1742641412-2470,"Patent FR-59403E, applied in 1949, Stylomine. Procédé et dispositif pour la fixation correcte des plumes de stylographes.",FR-59403E,Stylomine,2470,,,,
1742641412-2471,"Patent US-2681041, applied in 1946, by Harlan H. Zodtner, James A. Mustard, The Parker Pen Company. Fountain pen.",US-2681041,The Parker Pen Company,2471,US-2681041,1946,Harlan H. Zodtner,"Mustard, The Parker Pen Company. Fountain pen."
1742641412-2472,"Patent DE-1679396U, applied in 1953, Soennecken. Füllhalter mit einem als Doppelmanschette ausgebildeten Füllkolben aus elastischem Werkstoff.",DE-1679396U,Soennecken,2472,,,,
1742641412-2473,"Patent US-1890100, applied in 1948, by Harry Spiro, Unbranded. Fountain pen.",US-1890100,Unbranded,2473,US-1890100,1948,Harry Spiro,Fountain pen.
1742641412-2474,"Patent US-2684052, applied in 1948, by Ernest W. Rickmeyer, The Parker Pen Company. Writing instrument.",US-2684052,The Parker Pen Company,2474,US-2684052,1948,Ernest W. Rickmeyer,Writing instrument.
1742641412-2475,"Patent GB-713536, applied in 1950, by Theodor Kovacs, Günther Wagner - Pelikan. Improvements relating to Fountain Pens.",GB-713536,Günther Wagner - Pelikan,2475,GB-713536,1950,Theodor Kovacs,Improvements relating to Fountain Pens.
1742641412-2476,"Patent FR-1071624, applied in 1951, Stylomine. Nouvelle palette de remplissage pour porte-plume à réservoir.",FR-1071624,Stylomine,2476,,,,
1742641412-2477,"Patent FR-1071637, applied in 1951, Stylomine. Nouvelle agrafe pour stylographe, porte-mines ou objets analogues.",FR-1071637,Stylomine,2477,,,,
1742641412-2478,"Patent FR-1071648, applied in 1952, Stylomine. Dispositif de régulation de l'écoulement de l'encre dans les stylographes.",FR-1071648,Stylomine,2478,,,,
1742641412-2479,"Patent US-2690739, applied in 1953, by Norman E. Weigel, Wearever. Ink reservoir and flow control.",US-2690739,Wearever,2479,US-2690739,1953,Norman E. Weigel,Ink reservoir and flow control.
1742641412-2480,"Patent FR-1076270, applied in 1952, by Nolan Kent Rhoades, The Parker Pen Company. Stylographe à plume avec élément capillaire formant remplisseur et réservoir.",FR-1076270,The Parker Pen Company,2480,FR-1076270,1952,Nolan Kent Rhoades,Stylographe à plume avec élément capillaire formant remplisseur et réservoir.
1742641412-2481,"Patent US-2692580, applied in 1952, by David Kahn, Karl Weisser, Wearever. Writing instrument.",US-2692580,Wearever,2481,US-2692580,1952,David Kahn,Writing instrument.
1742641412-2482,"Patent FR-1078557, applied in 1953, JiF, Waterman. Porte-plume-réservoir à cartouche.",FR-1078557,JiF,2482,,,,
1742641412-2483,"Patent DE-920051, applied in 1950, by Theodor Kovacs, Günther Wagner - Pelikan. Füllfederhalter.",DE-920051,Günther Wagner - Pelikan,2483,DE-920051,1950,Theodor Kovacs,Füllfederhalter.
1742641412-2484,"Patent US-2699147, applied in 1952, by Nolan Kent Rhoades, The Parker Pen Company. Pen and pocket clip construction.",US-2699147,The Parker Pen Company,2484,US-2699147,1952,Nolan Kent Rhoades,Pen and pocket clip construction.
1742641412-2485,"Patent DE-1692370U, applied in 1954, Montblanc. Schreibgerät, wie Füllfederhalter, mit Verschlusskappe.",DE-1692370U,Montblanc,2485,,,,
1742641412-2486,"Patent US-2702021, applied in 1948, by Ivan D. Tefft, The Parker Pen Company. Fountain pen.",US-2702021,The Parker Pen Company,2486,US-2702021,1948,Ivan D. Tefft,Fountain pen.
1742641412-2487,"Patent CH-305143, applied in 1951, by Guy Frédéric Rigondaud, Platignum. Porte-plume réservoir.",CH-305143,Platignum,2487,CH-305143,1951,Guy Frédéric Rigondaud,Porte-plume réservoir.
1742641412-2488,"Patent FR-1086929, applied in 1953, by H. Boursier, R. Petit, Société des établissements christian. Clip escamotable.",FR-1086929,Société des établissements christian,2488,FR-1086929,1953,H. Boursier,"Petit, Société des établissements christian. Clip escamotable."
1742641412-2489,"Patent DE-1694185U, applied in 1954, by Hans Müller, Union Vulpenhouderfabriek. Tintenführer für Füllfederhalter.",DE-1694185U,Union Vulpenhouderfabriek,2489,DE-1694185U,1954,Hans Müller,Tintenführer für Füllfederhalter.
1742641412-2490,"Patent FR-1088631, applied in 1953, JiF. Boîte de mines.",FR-1088631,JiF,2490,,,,
1742641412-2491,"Patent DE-761937, applied in 1941, by Heinrich Schwarting, Konrad Kressel, Montblanc. Füllfederhalter mit Schraubkolben und einer Reibungskupplung zwischen dem Drehknopfund der Kolbenspindel.",DE-761937,Montblanc,2491,DE-761937,1941,Heinrich Schwarting,Füllfederhalter mit Schraubkolben und einer Reibungskupplung zwischen dem Drehknopfund der Kolbenspindel.
1742641412-2492,"Patent BE-536146, applied in 1954, by N. V. Vulpenhouderfabriek ""Union"", Union Vulpenhouderfabriek. Adducteur d'encre pout porte-plume a reservoir.",BE-536146,Union Vulpenhouderfabriek,2492,BE-536146,1954,"N. V. Vulpenhouderfabriek ""Union""",Adducteur d'encre pout porte-plume a reservoir.
1742641412-2493,"Patent GB-728188, applied in 1953, JiF, Waterman. Improvements in or relating to fountain pens comprising an ink cartridge.",GB-728188,JiF,2493,,,,
1742641412-2494,"Patent DE-1696470U, applied in 1954, by Josef C. Lamy, Lamy. Vorschubeinrichtung fuer Fuellbleistifte, Kugelschreiber.",DE-1696470U,Lamy,2494,DE-1696470U,1954,Josef C. Lamy,"Vorschubeinrichtung fuer Fuellbleistifte, Kugelschreiber."
1742641412-2495,"Patent DE-926653, applied in 1952, by Josef C. Lamy, Lamy. Fuellfederhalter.",DE-926653,Lamy,2495,DE-926653,1952,Josef C. Lamy,Fuellfederhalter.
1742641412-2496,"Patent US-D174667, applied in 1954, by Norman E. Weigel, Wearever. Pen nib.",US-D174667,Wearever,2496,US-D174667,1954,Norman E. Weigel,Pen nib.
1742641412-2497,"Patent GB-729639, applied in 1951, by Edward Stephen Sears, Swan. Improvements in Nib Sections for Fountain Pens.",GB-729639,Swan,2497,GB-729639,1951,Edward Stephen Sears,Improvements in Nib Sections for Fountain Pens.
1742641412-2498,"Patent GB-729729, applied in 1952, by Edward Stephen Sears, Swan. Improvements in Nib-Sections for Fountain Pens.",GB-729729,Swan,2498,GB-729729,1952,Edward Stephen Sears,Improvements in Nib-Sections for Fountain Pens.
1742641412-2499,"Patent CH-307024, applied in 1950, by Theodor Kovacs, Günther Wagner - Pelikan. Füllfederhalter.",CH-307024,Günther Wagner - Pelikan,2499,CH-307024,1950,Theodor Kovacs,Füllfederhalter.
1742641412-2500,"Patent FR-61714E, applied in 1951, by Pierre-Marie-Joseph Ledieu, Unbranded. Système régulateur d'alimentation pour porte-plumes réservoirs et similaires.",FR-61714E,Unbranded,2500,FR-61714E,1951,Pierre-Marie-Joseph Ledieu,Système régulateur d'alimentation pour porte-plumes réservoirs et similaires.
1742641412-2501,"Patent US-2708904, applied in 1951, by Nolan Kent Rhoades, The Parker Pen Company. Fountain pen desk set.",US-2708904,The Parker Pen Company,2501,US-2708904,1951,Nolan Kent Rhoades,Fountain pen desk set.
1742641412-2502,"Patent DE-928276, applied in 1942, by Emil Ghüne, Soennecken. Tintenfass.",DE-928276,Soennecken,2502,DE-928276,1942,Emil Ghüne,Tintenfass.
1742641412-2503,"Patent BE-520362, applied in 1953, JiF, Waterman. Porte-plume réservoir à cartouche.",BE-520362,JiF,2503,,,,
1742641412-2504,"Patent ES-215091, applied in 1953, by Heinrich Schwarting et al, Montblanc. Mejoras en la construccion de portaplumas rellenables con émbolo de tornillo.",ES-215091,Montblanc,2504,ES-215091,1953,Heinrich Schwarting et al,Mejoras en la construccion de portaplumas rellenables con émbolo de tornillo.
1742641412-2505,"Patent GB-732463, applied in 1951, by Guy Frédéric Rigondaud, Platignum. Fountain pen.",GB-732463,Platignum,2505,GB-732463,1951,Guy Frédéric Rigondaud,Fountain pen.
1742641412-2506,"Patent DE-929470, applied in 1953, by Heinrich Schwarting et al, Montblanc. Füllfederhalter mit Schraubkolben und Mitnehmerkupplung.",DE-929470,Montblanc,2506,DE-929470,1953,Heinrich Schwarting et al,Füllfederhalter mit Schraubkolben und Mitnehmerkupplung.
1742641412-2507,"Patent US-2712299, applied in 1948, by Ernst W. Rickmeyer, The Parker Pen Company. Fountain pen.",US-2712299,The Parker Pen Company,2507,US-2712299,1948,Ernst W. Rickmeyer,Fountain pen.
1742641412-2508,"Patent GB-732982, applied in 1951, by Theodor Kovacs, Günther Wagner - Pelikan. A Fountain Pen.",GB-732982,Günther Wagner - Pelikan,2508,GB-732982,1951,Theodor Kovacs,A Fountain Pen.
1742641412-2509,"Patent DE-933553, applied in 1953, by Heinrich Schwarting et al, Montblanc. Verschlusskappe mit nachgiebiger Klemmvorrichtung fuer Schreibwerkzeuge.",DE-933553,Montblanc,2509,DE-933553,1953,Heinrich Schwarting et al,Verschlusskappe mit nachgiebiger Klemmvorrichtung fuer Schreibwerkzeuge.
1742641412-2510,"Patent FR-1073346, applied in 1951, by Alberto Del Piero, Diplomatic Patented Pen. Porte-plume réservoir à cartouche amovible et rechargeable.",FR-1073346,Diplomatic Patented Pen,2510,FR-1073346,1951,Alberto Del Piero,Porte-plume réservoir à cartouche amovible et rechargeable.
1742641412-2511,"Patent GB-738754, applied in 1951, by Alberto Del Piero, Diplomatic Patented Pen. Improvements in fountain pens.",GB-738754,Diplomatic Patented Pen,2511,GB-738754,1951,Alberto Del Piero,Improvements in fountain pens.
1742641412-2512,"Patent GB-739284, applied in 1952, Lamy. Improvements in fountain pens.",GB-739284,Lamy,2512,,,,
1742641412-2513,"Patent FR-1104618, applied in 1953, Fabbrica Italiana Penne a Serbatoio Aurora. Porte-plume à cartouche d'encre.",FR-1104618,Fabbrica Italiana Penne a Serbatoio Aurora,2513,,,,
1742641412-2514,"Patent US-2724367, applied in 1953, by Frederick R. Wittnebert, The Parker Pen Company. Fountain pens.",US-2724367,The Parker Pen Company,2514,US-2724367,1953,Frederick R. Wittnebert,Fountain pens.
1742641412-2515,"Patent DE-935653, applied in 1952, by Fritz Lauerbach, Gregor Miltner, Faber-Castell. Fuellhalter, insbesondere Fuellfederhalter.",DE-935653,Faber-Castell,2515,DE-935653,1952,Fritz Lauerbach,"Fuellhalter, insbesondere Fuellfederhalter."
1742641412-2516,"Patent US-2726639, applied in 1953, by Frederick R. Wittnebert, The Parker Pen Company. Fountain pen.",US-2726639,The Parker Pen Company,2516,US-2726639,1953,Frederick R. Wittnebert,Fountain pen.
1742641412-2517,"Patent CH-311831, applied in 1953, JiF, Waterman. Porte-plume réservoir à cartouche d'encre amovible.",CH-311831,JiF,2517,,,,
1742641412-2518,"Patent DE-936849, applied in 1952, by Heinrich Schwarting et al, Montblanc. Füllfederhalter mit Schraubkolben.",DE-936849,Montblanc,2518,DE-936849,1952,Heinrich Schwarting et al,Füllfederhalter mit Schraubkolben.
1742641412-2519,"Patent DE-936914, applied in 1953, by Josef C. Lamy, Lamy. Fuellfederhalter mit Saugkolben und gekoppeltem Schlusskaeppchen.",DE-936914,Lamy,2519,DE-936914,1953,Josef C. Lamy,Fuellfederhalter mit Saugkolben und gekoppeltem Schlusskaeppchen.
1742641412-2520,"Patent CH-312235, applied in 1952, Lamy. Füllfederhalter.",CH-312235,Lamy,2520,,,,
1742641412-2521,"Patent DE-938709, applied in 1952, by Gregor Miltner, Faber-Castell. Saugkolben-Fuellfederhalter.",DE-938709,Faber-Castell,2521,DE-938709,1952,Gregor Miltner,Saugkolben-Fuellfederhalter.
1742641412-2522,"Patent FR-1111133, applied in 1953, Mentmore. Perfectionnement aux agrafes.",FR-1111133,Mentmore,2522,,,,
1742641412-2523,"Patent DE-1718469U, applied in 1954, by Josef C. Lamy, Lamy. Vorschubeinrichtung fuer Fuellbleistifte, Kugelschreiber.",DE-1718469U,Lamy,2523,DE-1718469U,1954,Josef C. Lamy,"Vorschubeinrichtung fuer Fuellbleistifte, Kugelschreiber."
1742641412-2524,"Patent US-2737927, applied in 1954, by Nolan Kent Rhoades, The Parker Pen Company. Fountain pen desk sets.",US-2737927,The Parker Pen Company,2524,US-2737927,1954,Nolan Kent Rhoades,Fountain pen desk sets.
1742641412-2525,"Patent DE-941049, applied in 1951, by Theodor Kovacs, Günther Wagner - Pelikan. Füllfederhalter.",DE-941049,Günther Wagner - Pelikan,2525,DE-941049,1951,Theodor Kovacs,Füllfederhalter.
1742641412-2526,"Patent US-D177359, applied in 1954, by Robert G. Plantholt et al, Waterman. Cap for a writing instrument.",US-D177359,Waterman,2526,US-D177359,1954,Robert G. Plantholt et al,Cap for a writing instrument.
1742641412-2527,"Patent US-D177369, applied in 1955, by Robert H. Ensign, Danforth Cardozo Jr., Scripto. Ball point pen.",US-D177369,Scripto,2527,,,,
1742641412-2528,"Patent US-D177560, applied in 1955, by Robert H. Ensign, Danforth Cardozo Jr., Scripto. Ball point pen.",US-D177560,Scripto,2528,,,,
1742641412-2529,"Patent DE-1721600U, applied in 1956, Montblanc. Druckfüllbleistift.",DE-1721600U,Montblanc,2529,,,,
1742641412-2530,"Patent US-2749883, applied in 1953, by Raymond L. Dostert, Wahl Eversharp. Fountain pen.",US-2749883,Wahl Eversharp,2530,US-2749883,1953,Raymond L. Dostert,Fountain pen.
1742641412-2531,"Patent US-D178033, applied in 1954, by Robert G. Plantholt et al, Waterman. Fountain pen.",US-D178033,Waterman,2531,US-D178033,1954,Robert G. Plantholt et al,Fountain pen.
1742641412-2532,"Patent NL-81874, applied in 1954, by N. V. Vulpenhouderfabriek ""Union"", Union Vulpenhouderfabriek. Inktgeleider voor een vulpenhouder.",NL-81874,Union Vulpenhouderfabriek,2532,NL-81874,1954,"N. V. Vulpenhouderfabriek ""Union""",Inktgeleider voor een vulpenhouder.
1742641412-2533,"Patent BE-548110, applied in 1955, by Theodor Kovacs, Günther Wagner - Pelikan. Porte-plume reservoir a douilles interchangeables pour ecrire et pour dessiner.",BE-548110,Günther Wagner - Pelikan,2533,BE-548110,1955,Theodor Kovacs,Porte-plume reservoir a douilles interchangeables pour ecrire et pour dessiner.
1742641412-2534,"Patent US-2750927, applied in 1952, by David Kahn, Wearever. Fountain pens.",US-2750927,Wearever,2534,US-2750927,1952,David Kahn,Fountain pens.
1742641412-2535,"Patent FR-1119961, applied in 1954, by N. V. Vulpenhouderfabriek Union, Union Vulpenhouderfabriek. Adducteur d'encre pour porte-plume à réservoir.",FR-1119961,Union Vulpenhouderfabriek,2535,FR-1119961,1954,N. V. Vulpenhouderfabriek Union,Adducteur d'encre pour porte-plume à réservoir.
1742641412-2536,"Patent US-2756722, applied in 1952, by Josef C. Lamy, Lamy. Fountain pen structure.",US-2756722,Lamy,2536,US-2756722,1952,Josef C. Lamy,Fountain pen structure.
1742641412-2537,"Patent GB-754680, applied in 1953, Fabbrica Italiana Penne a Serbatoio Aurora. Improvements in or relating to Fountain Pens.",GB-754680,Fabbrica Italiana Penne a Serbatoio Aurora,2537,,,,
1742641412-2538,"Patent US-2758568, applied in 1953, by Harold E. Steinberg, Henry C. Klagges, Esterbrook. Ink wells.",US-2758568,Esterbrook,2538,US-2758568,1953,Harold E. Steinberg,"Klagges, Esterbrook. Ink wells."
1742641412-2539,"Patent US-2766728, applied in 1950, by Theodor Kovacs, Günther Wagner - Pelikan. Fountain pen.",US-2766728,Günther Wagner - Pelikan,2539,US-2766728,1950,Theodor Kovacs,Fountain pen.
1742641412-2540,"Patent US-2766729, applied in 1951, by Theodor Kovacs, Günther Wagner - Pelikan. Fountain pen.",US-2766729,Günther Wagner - Pelikan,2540,US-2766729,1951,Theodor Kovacs,Fountain pen.
1742641412-2541,"Patent FR-1125376, applied in 1954, Waterman. Cartouche d'encre et son procédé de fabrication.",FR-1125376,Waterman,2541,,,,
1742641412-2542,"Patent US-D179053, applied in 1956, by Marlin S. Baker, The Parker Pen Company. Fountain pen.",US-D179053,The Parker Pen Company,2542,US-D179053,1956,Marlin S. Baker,Fountain pen.
1742641412-2543,"Patent US-2769427, applied in 1951, by Lynn P. Martin, W. A. Sheaffer Pen Company. Writing implements.",US-2769427,W. A. Sheaffer Pen Company,2543,US-2769427,1951,Lynn P. Martin,A. Sheaffer Pen Company. Writing implements.
1742641412-2544,"Patent US-2770221, applied in 1951, by William Tonkowich, Waterman. Fountain pen.",US-2770221,Waterman,2544,US-2770221,1951,William Tonkowich,Fountain pen.
1742641412-2545,"Patent DE-952418, applied in 1953, by Erich Buschle, Compaktor. Schreibroehrchenfuellhalter fuer Tusche.",DE-952418,Compaktor,2545,DE-952418,1953,Erich Buschle,Schreibroehrchenfuellhalter fuer Tusche.
1742641412-2546,"Patent US-2773479, applied in 1952, by Nolan Kent Rhoades, The Parker Pen Company. Fountain pen.",US-2773479,The Parker Pen Company,2546,US-2773479,1952,Nolan Kent Rhoades,Fountain pen.
1742641412-2547,"Patent CH-318128, applied in 1951, by Theodor Kovacs, Günther Wagner - Pelikan. Füllfederhalter.",CH-318128,Günther Wagner - Pelikan,2547,CH-318128,1951,Theodor Kovacs,Füllfederhalter.
1742641412-2548,"Patent US-2774332, applied in 1952, by Ivan D. Tefft, The Parker Pen Company. Fountain pens.",US-2774332,The Parker Pen Company,2548,US-2774332,1952,Ivan D. Tefft,Fountain pens.
1742641412-2549,"Patent US-2774333, applied in 1950, by David Kahn, Wearever. Fountain pen with improved feed construction.",US-2774333,Wearever,2549,US-2774333,1950,David Kahn,Fountain pen with improved feed construction.
1742641412-2550,"Patent US-D179425, applied in 1955, by Kenneth S. Parker, The Parker Pen Company. Closure cap for a writing instrument.",US-D179425,The Parker Pen Company,2550,US-D179425,1955,Kenneth S. Parker,Closure cap for a writing instrument.
1742641412-2551,"Patent FR-1128625, applied in 1955, Gold Starry. Crayon à bille rétractable.",FR-1128625,Gold Starry,2551,,,,
1742641412-2552,"Patent CH-318853, applied in 1953, by Aldo Torchi, Fabbrica Italiana Penne a Serbatoio Aurora. Porte-plume à réservoir à charge d'encre contenue dans une cartouche double.",CH-318853,Fabbrica Italiana Penne a Serbatoio Aurora,2552,CH-318853,1953,Aldo Torchi,Porte-plume à réservoir à charge d'encre contenue dans une cartouche double.
1742641412-2553,"Patent FR-1131269, applied in 1955, JiF. Dispositif de commande pour appareil à élément rétractable et notamment pour stylographe, porte-plume, porte-mine à élément scripteur rétractable.",FR-1131269,JiF,2553,,,,
1742641412-2554,"Patent DE-958812, applied in 1949, Geha. Füllfederhalter mit Reservetintenraum.",DE-958812,Geha,2554,,,,
1742641412-2555,"Patent US-2782762, applied in 1955, by Donald H. Young, Waterman. Snap-action cap for fountain pen or the like.",US-2782762,Waterman,2555,US-2782762,1955,Donald H. Young,Snap-action cap for fountain pen or the like.
1742641412-2556,"Patent US-2782763, applied in 1953, by Harlan H. Zodtner, The Parker Pen Company. Fountain pens.",US-2782763,The Parker Pen Company,2556,US-2782763,1953,Harlan H. Zodtner,Fountain pens.
1742641412-2557,"Patent FR-66402E, applied in 1948, by Eric Ernest Samuel Wade, Charlesworth Livsey, Lang - Curzon - Summit. Perfectionnement aux agrafes de poche pour stylographes, crayons et analogues.",FR-66402E,Lang - Curzon - Summit,2557,FR-66402E,1948,Eric Ernest Samuel Wade,"Perfectionnement aux agrafes de poche pour stylographes, crayons et analogues."
1742641412-2558,"Patent DE-958993, applied in 1953, by Rolf Pöhler, Franz Welsch, Soennecken. Füllkolbenhalter mit Haupt- und Hilfstintenraum.",DE-958993,Soennecken,2558,DE-958993,1953,Rolf Pöhler,Füllkolbenhalter mit Haupt- und Hilfstintenraum.
1742641412-2559,"Patent US-2784699, applied in 1952, by Craig R. Sheaffer, W. A. Sheaffer Pen Company. Writing implements.",US-2784699,W. A. Sheaffer Pen Company,2559,US-2784699,1952,Craig R. Sheaffer,A. Sheaffer Pen Company. Writing implements.
1742641412-2560,"Patent DE-1004522, applied in 1954, by Josef C. Lamy, Lamy. Ausbildung und Anordnung der Tintenfuehrung und der Federbefestigung bei Fuellhaltern.",DE-1004522,Lamy,2560,DE-1004522,1954,Josef C. Lamy,Ausbildung und Anordnung der Tintenfuehrung und der Federbefestigung bei Fuellhaltern.
1742641412-2561,"Patent GB-772321, applied in 1954, Waterman. Heat sealed thermoplastic tubes and method of manufacture thereof.",GB-772321,Waterman,2561,,,,
1742641412-2562,"Patent DE-1007210, applied in 1954, by Hans Müller, Union Vulpenhouderfabriek. Tintenleiter für Füllfederhalter.",DE-1007210,Union Vulpenhouderfabriek,2562,DE-1007210,1954,Hans Müller,Tintenleiter für Füllfederhalter.
1742641412-2563,"Patent DE-963224, applied in 1954, by Ernst Rösler, Konrad Kressel, Montblanc. Kolben für Füllfederhalter.",DE-963224,Montblanc,2563,DE-963224,1954,Ernst Rösler,Kolben für Füllfederhalter.
1742641412-2564,"Patent DE-1008147, applied in 1954, by Josef C. Lamy, Lamy. Ausbildung und Anordnung der Federbefestigung bei Fuellhaltern mit gegen Verdrehung gesicherter Kurzfeder.",DE-1008147,Lamy,2564,DE-1008147,1954,Josef C. Lamy,Ausbildung und Anordnung der Federbefestigung bei Fuellhaltern mit gegen Verdrehung gesicherter Kurzfeder.
1742641412-2565,"Patent DE-963668, applied in 1951, by Alberto Del Piero, Diplomatic Patented Pen. Fuellfederhalter fuer fluessige Tinte mit einer auswechselbaren Tintenpatrone.",DE-963668,Diplomatic Patented Pen,2565,DE-963668,1951,Alberto Del Piero,Fuellfederhalter fuer fluessige Tinte mit einer auswechselbaren Tintenpatrone.
1742641412-2566,"Patent DE-1008605, applied in 1955, by Theodor Kovacs, Günther Wagner - Pelikan. Füllfederhalter mit einer im vorderen Teil des Halterschaftes angeordneten Überflußkammer.",DE-1008605,Günther Wagner - Pelikan,2566,DE-1008605,1955,Theodor Kovacs,Füllfederhalter mit einer im vorderen Teil des Halterschaftes angeordneten Überflußkammer.
1742641412-2567,"Patent DE-1009055, applied in 1953, Fabbrica Italiana Penne a Serbatoio Aurora. Füllfederhalter mit auswechselbaren, den Tintenvorrat enthaltenden Patronen.",DE-1009055,Fabbrica Italiana Penne a Serbatoio Aurora,2567,,,,
1742641412-2568,"Patent DE-1009969, applied in 1956, by Ernst Rösler, Konrad Kressel, Montblanc. Schreibgerät mit längsverschiebbarem Schreibspitzenträger.",DE-1009969,Montblanc,2568,DE-1009969,1956,Ernst Rösler,Schreibgerät mit längsverschiebbarem Schreibspitzenträger.
1742641412-2569,"Patent US-D181705, applied in 1956, by John Bruce, Waterman. Fountain pen.",US-D181705,Waterman,2569,US-D181705,1956,John Bruce,Fountain pen.
1742641412-2570,"Patent DE-1010415, applied in 1955, by Theodor Kovacs, Günther Wagner - Pelikan. Füllhalter mit auswechselbaren Schreib- und Zeichendüsen.",DE-1010415,Günther Wagner - Pelikan,2570,DE-1010415,1955,Theodor Kovacs,Füllhalter mit auswechselbaren Schreib- und Zeichendüsen.
1742641412-2571,"Patent US-2799246, applied in 1954, by Lynn P. Martin, W. A. Sheaffer Pen Company. Writing implements.",US-2799246,W. A. Sheaffer Pen Company,2571,US-2799246,1954,Lynn P. Martin,A. Sheaffer Pen Company. Writing implements.
1742641412-2572,"Patent US-2799247, applied in 1954, by Lynn P. Martin, W. A. Sheaffer Pen Company. Writing implements.",US-2799247,W. A. Sheaffer Pen Company,2572,US-2799247,1954,Lynn P. Martin,A. Sheaffer Pen Company. Writing implements.
1742641412-2573,"Patent US-2802448, applied in 1954, by Donald H. Young, Waterman. Fountain pen construction and ink cartridge therefor.",US-2802448,Waterman,2573,US-2802448,1954,Donald H. Young,Fountain pen construction and ink cartridge therefor.
1742641412-2574,"Patent US-2802449, applied in 1953, by Lynn P. Martin, W. A. Sheaffer Pen Company. Writing implement.",US-2802449,W. A. Sheaffer Pen Company,2574,US-2802449,1953,Lynn P. Martin,A. Sheaffer Pen Company. Writing implement.
1742641412-2575,"Patent US-2802450, applied in 1954, by Frederick R. Wittnebert, The Parker Pen Company. Fountain pens.",US-2802450,The Parker Pen Company,2575,US-2802450,1954,Frederick R. Wittnebert,Fountain pens.
1742641412-2576,"Patent DE-1014459, applied in 1953, by Heinrich Schwarting et al, Montblanc. Füllfederhalter mit Schraubkolben Leerlaufkupplung zwischen Drehknopf und Kolbenspindel.",DE-1014459,Montblanc,2576,DE-1014459,1953,Heinrich Schwarting et al,Füllfederhalter mit Schraubkolben Leerlaufkupplung zwischen Drehknopf und Kolbenspindel.
1742641412-2577,"Patent US-2807237, applied in 1953, by David Kahn, Morris D. Levy, Wearever. Writing instruments.",US-2807237,Wearever,2577,US-2807237,1953,David Kahn,"Levy, Wearever. Writing instruments."
1742641412-2578,"Patent GB-784388, applied in 1955, by Theodor Kovacs, Günther Wagner - Pelikan. Improvements in Fountain Pens.",GB-784388,Günther Wagner - Pelikan,2578,GB-784388,1955,Theodor Kovacs,Improvements in Fountain Pens.
1742641412-2579,"Patent US-2811947, applied in 1951, by Guy Frédéric Rigondaud, Platignum. Writing instrument.",US-2811947,Platignum,2579,US-2811947,1951,Guy Frédéric Rigondaud,Writing instrument.
1742641412-2580,"Patent US-2811948, applied in 1954, by David Kahn, Morris Levy, Wearever. Locking device for fountain pen.",US-2811948,Wearever,2580,US-2811948,1954,David Kahn,Locking device for fountain pen.
1742641412-2581,"Patent FR-1149886, applied in 1955, by Theodor Kovacs, Günther Wagner - Pelikan. Porte-plume réservoir comportant des tuyères à écrire ou à dessiner interchangeables.",FR-1149886,Günther Wagner - Pelikan,2581,FR-1149886,1955,Theodor Kovacs,Porte-plume réservoir comportant des tuyères à écrire ou à dessiner interchangeables.
1742641412-2582,"Patent FR-1151914, applied in 1955, by Umberto Legnani, LUS. Perfectionnements aux réservoirs remplaçables à cartouche pour stylographes, et aux moyens de jonction de ceux-ci, et stylographes et réservoirs perfectionnés correspondants.",FR-1151914,LUS,2582,FR-1151914,1955,Umberto Legnani,"Perfectionnements aux réservoirs remplaçables à cartouche pour stylographes, et aux moyens de jonction de ceux-ci, et stylographes et réservoirs perfectionnés correspondants."
1742641412-2583,"Patent FR-1152674, applied in 1955, by Theodor Kovacs, Günther Wagner - Pelikan. Porte-plume réservoir perfectionné.",FR-1152674,Günther Wagner - Pelikan,2583,FR-1152674,1955,Theodor Kovacs,Porte-plume réservoir perfectionné.
1742641412-2584,"Patent US-D182162, applied in 1956, by Joseph Carreiro, Esterbrook. Writing instrument or similar article.",US-D182162,Esterbrook,2584,US-D182162,1956,Joseph Carreiro,Writing instrument or similar article.
1742641412-2585,"Patent US-D182163, applied in 1956, by Joseph Carreiro, Esterbrook. Cap for a fountain pen or a similar article.",US-D182163,Esterbrook,2585,US-D182163,1956,Joseph Carreiro,Cap for a fountain pen or a similar article.
1742641412-2586,"Patent US-D182164, applied in 1956, by Joseph Carreiro, Esterbrook. Clip for a fountain pen or similar article.",US-D182164,Esterbrook,2586,US-D182164,1956,Joseph Carreiro,Clip for a fountain pen or similar article.
1742641412-2587,"Patent DE-1763291U, applied in 1957, by Gilbert Richard, Unbranded. Schreibgerät.",DE-1763291U,Unbranded,2587,DE-1763291U,1957,Gilbert Richard,Schreibgerät.
1742641412-2588,"Patent DE-1026662, applied in 1955, by Josef C. Lamy, Lamy. Fuellfederhalter mit Saugkolben und gekoppeltem Schlusskaeppchen.",DE-1026662,Lamy,2588,DE-1026662,1955,Josef C. Lamy,Fuellfederhalter mit Saugkolben und gekoppeltem Schlusskaeppchen.
1742641412-2589,"Patent GB-793269, applied in 1955, by Leon Bagrit, Stephens. Improvements in or relating to reservoir writing instruments of the ball-point type.",GB-793269,Stephens,2589,GB-793269,1955,Leon Bagrit,Improvements in or relating to reservoir writing instruments of the ball-point type.
1742641412-2590,"Patent US-2831460, applied in 1954, by Roland L. Brannon, W. A. Sheaffer Pen Company. Writing instrument.",US-2831460,W. A. Sheaffer Pen Company,2590,US-2831460,1954,Roland L. Brannon,A. Sheaffer Pen Company. Writing instrument.
1742641412-2591,"Patent US-2833251, applied in 1955, by Farnham F. Boyle, Ritepoint. Writing instrument.",US-2833251,Ritepoint,2591,US-2833251,1955,Farnham F. Boyle,Writing instrument.
1742641412-2592,"Patent FR-1156940, applied in 1956, by Umberto Legnani, LUS. Perfectionnements aux moyens de fixation de plumes remplaçables pour porteplumes à réservoir, et plumes de rechange perfectionnées correspondantes.",FR-1156940,LUS,2592,FR-1156940,1956,Umberto Legnani,"Perfectionnements aux moyens de fixation de plumes remplaçables pour porteplumes à réservoir, et plumes de rechange perfectionnées correspondantes."
1742641412-2593,"Patent GB-795902, applied in 1955, by Theodor Kovacs, Günther Wagner - Pelikan. Improvements in fountain pens.",GB-795902,Günther Wagner - Pelikan,2593,GB-795902,1955,Theodor Kovacs,Improvements in fountain pens.
1742641412-2594,"Patent CH-330524, applied in 1955, by Gregor Miltner, Faber-Castell. Saugkolben-Fuellfederhalter.",CH-330524,Faber-Castell,2594,CH-330524,1955,Gregor Miltner,Saugkolben-Fuellfederhalter.
1742641412-2595,"Patent US-D183112, applied in 1957, by Arthur Winter, Dictator. Nib section for a fountain pen.",US-D183112,Dictator,2595,US-D183112,1957,Arthur Winter,Nib section for a fountain pen.
1742641412-2596,"Patent DE-1034066, applied in 1955, by Josef C. Lamy, Lamy. Ausbildung und Anordnung der Luftfuehrung und der Federbefestigung bei Fuellhaltern.",DE-1034066,Lamy,2596,DE-1034066,1955,Josef C. Lamy,Ausbildung und Anordnung der Luftfuehrung und der Federbefestigung bei Fuellhaltern.
1742641412-2597,"Patent US-D183696, applied in 1955, by David Kahn, Wearever. Writing instrument.",US-D183696,Wearever,2597,US-D183696,1955,David Kahn,Writing instrument.
1742641412-2598,"Patent FR-1164875, applied in 1957, Edacoto. Stylographe à bille à pointe rentrante par gravité.",FR-1164875,Edacoto,2598,,,,
1742641412-2599,"Patent FR-1166468, applied in 1956, Stylomine. Nouveau conduit support de plume pour porte-plume à réservoir.",FR-1166468,Stylomine,2599,,,,
1742641412-2600,"Patent FR-1166469, applied in 1956, Stylomine. Nouveau conduit d'encre pour porte-plume réservoir.",FR-1166469,Stylomine,2600,,,,
1742641412-2601,"Patent FR-1168064, applied in 1955, by Umberto Legnani, LUS. Stylographe à bille.",FR-1168064,LUS,2601,FR-1168064,1955,Umberto Legnani,Stylographe à bille.
1742641412-2602,"Patent US-2868173, applied in 1954, by Richard J. Mansheim, W. A. Sheaffer Pen Company. Writing instrument.",US-2868173,W. A. Sheaffer Pen Company,2602,US-2868173,1954,Richard J. Mansheim,A. Sheaffer Pen Company. Writing instrument.
1742641412-2603,"Patent FR-1171431, applied in 1956, Pilot. Porte-plume à réservoir.",FR-1171431,Pilot,2603,,,,
1742641412-2604,"Patent GB-807974, applied in 1956, by Kenneth Buckingham Robinson, Stephens. Improvements in or relating to fountain pens.",GB-807974,Stephens,2604,GB-807974,1956,Kenneth Buckingham Robinson,Improvements in or relating to fountain pens.
1742641412-2605,"Patent US-2871823, applied in 1956, by Marlin S. Baker, The Parker Pen Company. Fountain pen.",US-2871823,The Parker Pen Company,2605,US-2871823,1956,Marlin S. Baker,Fountain pen.
1742641412-2606,"Patent US-2871825, applied in 1956, by Ryujiro Uchida, Chuji Kurihara, Pilot. Fountain pen.",US-2871825,Pilot,2606,US-2871825,1956,Ryujiro Uchida,Fountain pen.
1742641412-2607,"Patent GB-809236, applied in 1956, Pilot. Fountain pen.",GB-809236,Pilot,2607,,,,
1742641412-2608,"Patent NL-90322, applied in 1951, by Theodor Kovacs, Günther Wagner - Pelikan. Vulpenhouder.",NL-90322,Günther Wagner - Pelikan,2608,NL-90322,1951,Theodor Kovacs,Vulpenhouder.
1742641412-2609,"Patent FR-1175101, applied in 1957, Stylomine. Agrafe perfectionnée pour stylographes, porte-mines et appareils analogues.",FR-1175101,Stylomine,2609,,,,
1742641412-2610,"Patent US-2881737, applied in 1955, by Donald H. Young, Waterman. Fountain pen feed construction.",US-2881737,Waterman,2610,US-2881737,1955,Donald H. Young,Fountain pen feed construction.
1742641412-2611,"Patent US-D185263, applied in 1958, by John Bruce, Waterman. Clip for a writing instrument.",US-D185263,Waterman,2611,US-D185263,1958,John Bruce,Clip for a writing instrument.
1742641412-2612,"Patent US-2888908, applied in 1952, by Robert W. Randolph, The Parker Pen Company. Fountain pen.",US-2888908,The Parker Pen Company,2612,US-2888908,1952,Robert W. Randolph,Fountain pen.
1742641412-2613,"Patent US-2889810, applied in 1951, by Robert W. Randolph, The Parker Pen Company. Fountain pen.",US-2889810,The Parker Pen Company,2613,US-2889810,1951,Robert W. Randolph,Fountain pen.
1742641412-2614,"Patent US-2891512, applied in 1955, by Theodor Kovacs, Günther Wagner - Pelikan. Fountain pens.",US-2891512,Günther Wagner - Pelikan,2614,US-2891512,1955,Theodor Kovacs,Fountain pens.
1742641412-2615,"Patent US-D185581, applied in 1958, by Clemens A. Sonntag, Lauren O. Main, The Parker Pen Company. Fountain pen nib.",US-D185581,The Parker Pen Company,2615,US-D185581,1958,Clemens A. Sonntag,"Main, The Parker Pen Company. Fountain pen nib."
1742641412-2616,"Patent US-D185824, applied in 1957, by Warren B. Armstrong, Donald D. Furman, The Parker Pen Company. Finger grip for a writing instrument or the like.",US-D185824,The Parker Pen Company,2616,US-D185824,1957,Warren B. Armstrong,"Furman, The Parker Pen Company. Finger grip for a writing instrument or the like."
1742641412-2617,"Patent US-2902978, applied in 1956, by Umberto Legnani, LUS. Fountain-pen.",US-2902978,LUS,2617,US-2902978,1956,Umberto Legnani,Fountain-pen.
1742641412-2618,"Patent US-2905148, applied in 1952, by Marlin S. Baker, The Parker Pen Company. Fountain pen.",US-2905148,The Parker Pen Company,2618,US-2905148,1952,Marlin S. Baker,Fountain pen.
1742641412-2619,"Patent CH-341736, applied in 1955, by Theodor Kovacs, Günther Wagner - Pelikan. Füllfederhalter mit einer im vorderen Teil des Halterschaftes angeordneten Überflußkammer.",CH-341736,Günther Wagner - Pelikan,2619,CH-341736,1955,Theodor Kovacs,Füllfederhalter mit einer im vorderen Teil des Halterschaftes angeordneten Überflußkammer.
1742641412-2620,"Patent FR-1194847, applied in 1958, Bayard. Boîte-écrin formant cadre.",FR-1194847,Bayard,2620,,,,
1742641412-2621,"Patent US-2914028, applied in 1954, by Lynn P. Martin, W. A. Sheaffer Pen Company. Writing implement.",US-2914028,W. A. Sheaffer Pen Company,2621,US-2914028,1954,Lynn P. Martin,A. Sheaffer Pen Company. Writing implement.
1742641412-2622,"Patent FR-1197651, applied in 1955, by Umberto Legnani, LUS. Perfectionnements aux stylographes.",FR-1197651,LUS,2622,FR-1197651,1955,Umberto Legnani,Perfectionnements aux stylographes.
1742641412-2623,"Patent US-2916013, applied in 1953, by Nolan Kent Rhoades, Marlin S. Baker, The Parker Pen Company. Receptacle for receiving and enclosing the writing end of a fountain pen.",US-2916013,The Parker Pen Company,2623,US-2916013,1953,Nolan Kent Rhoades,"Baker, The Parker Pen Company. Receptacle for receiving and enclosing the writing end of a fountain pen."
1742641412-2624,"Patent CH-343260, applied in 1955, by Theodor Kovacs, Günther Wagner - Pelikan. Füllhalter mit auswechselbaren Schreib- und Zeichendüsen.",CH-343260,Günther Wagner - Pelikan,2624,CH-343260,1955,Theodor Kovacs,Füllhalter mit auswechselbaren Schreib- und Zeichendüsen.
1742641412-2625,"Patent US-D186923, applied in 1958, by William M. Williams, W. A. Sheaffer Pen Company. Fountain pen or the like.",US-D186923,W. A. Sheaffer Pen Company,2625,US-D186923,1958,William M. Williams,A. Sheaffer Pen Company. Fountain pen or the like.
1742641412-2626,"Patent US-2919677, applied in 1957, by Richard J. Mansheim, W. A. Sheaffer Pen Company. Writing instrument.",US-2919677,W. A. Sheaffer Pen Company,2626,US-2919677,1957,Richard J. Mansheim,A. Sheaffer Pen Company. Writing instrument.
1742641412-2627,"Patent FR-1204778, applied in 1958, JiF, Waterman. Porte-plume réservoir.",FR-1204778,JiF,2627,,,,
1742641412-2628,"Patent US-D187253, applied in 1958, by Raymond E. Lambert, W. A. Sheaffer Pen Company. Fountain pen or similar article.",US-D187253,W. A. Sheaffer Pen Company,2628,US-D187253,1958,Raymond E. Lambert,A. Sheaffer Pen Company. Fountain pen or similar article.
1742641412-2629,"Patent US-D187254, applied in 1958, by William M. Williams, W. A. Sheaffer Pen Company. Fountain pen or similar article.",US-D187254,W. A. Sheaffer Pen Company,2629,US-D187254,1958,William M. Williams,A. Sheaffer Pen Company. Fountain pen or similar article.
1742641412-2630,"Patent FR-1207795, applied in 1957, Mentmore. Perfectionnements aux porte-plumes réservoirs.",FR-1207795,Mentmore,2630,,,,
1742641412-2631,"Patent DE-1806422U, applied in 1959, by Arno Rodhüser, Unbranded. Halter für Schreibgeräte.",DE-1806422U,Unbranded,2631,DE-1806422U,1959,Arno Rodhüser,Halter für Schreibgeräte.
1742641412-2632,"Patent CH-352252, applied in 1957, by Derrick John Silver, Mentmore. Porte-plume à réservoir.",CH-352252,Mentmore,2632,CH-352252,1957,Derrick John Silver,Porte-plume à réservoir.
1742641412-2633,"Patent US-D187315, applied in 1958, by William M. Williams, W. A. Sheaffer Pen Company. Fountain pen or similar article.",US-D187315,W. A. Sheaffer Pen Company,2633,US-D187315,1958,William M. Williams,A. Sheaffer Pen Company. Fountain pen or similar article.
1742641412-2634,"Patent US-D186445, applied in 1958, by William L. Marynissen, Waterman. Clip for a writing instrument.",US-D186445,Waterman,2634,US-D186445,1958,William L. Marynissen,Clip for a writing instrument.
1742641412-2635,"Patent US-2935044, applied in 1959, by Raymond L. Spaulding et al, The Parker Pen Company. Fountain pen.",US-2935044,The Parker Pen Company,2635,US-2935044,1959,Raymond L. Spaulding et al,Fountain pen.
1742641412-2636,"Patent US-D187831, applied in 1959, by Edmund F. Buryan, W. A. Sheaffer Pen Company. Fountain pen or similar article.",US-D187831,W. A. Sheaffer Pen Company,2636,US-D187831,1959,Edmund F. Buryan,A. Sheaffer Pen Company. Fountain pen or similar article.
1742641412-2637,"Patent US-2935967, applied in 1956, by Richard J. Mansheim, W. A. Sheaffer Pen Company. Writing instrument.",US-2935967,W. A. Sheaffer Pen Company,2637,US-2935967,1956,Richard J. Mansheim,A. Sheaffer Pen Company. Writing instrument.
1742641412-2638,"Patent US-2935969, applied in 1955, by Theodor Kovacs, Günther Wagner - Pelikan. Fountain pen with overflow chamber situated in the front part of the fountain pen body.",US-2935969,Günther Wagner - Pelikan,2638,US-2935969,1955,Theodor Kovacs,Fountain pen with overflow chamber situated in the front part of the fountain pen body.
1742641412-2639,"Patent FR-1222185, applied in 1958, Mentmore. Perfectionnements aux porte-plumes réservoirs.",FR-1222185,Mentmore,2639,,,,
1742641412-2640,"Patent FR-1222991, applied in 1958, Mentmore. Perfectionnements aux porte-plume-réservoirs.",FR-1222991,Mentmore,2640,,,,
1742641412-2641,"Patent US-D188265, applied in 1959, by William E. Bunn, Lynn P. Martin, W. A. Sheaffer Pen Company. Pen point or similar article.",US-D188265,W. A. Sheaffer Pen Company,2641,US-D188265,1959,William E. Bunn,"Martin, W. A. Sheaffer Pen Company. Pen point or similar article."
1742641412-2642,"Patent US-D188266, applied in 1959, by William E. Bunn, Lynn P. Martin, W. A. Sheaffer Pen Company. Fountain pen or similar article.",US-D188266,W. A. Sheaffer Pen Company,2642,US-D188266,1959,William E. Bunn,"Martin, W. A. Sheaffer Pen Company. Fountain pen or similar article."
1742641412-2643,"Patent US-D188267, applied in 1959, by William E. Bunn, Lynn P. Martin, W. A. Sheaffer Pen Company. Fountain pen or similar article.",US-D188267,W. A. Sheaffer Pen Company,2643,US-D188267,1959,William E. Bunn,"Martin, W. A. Sheaffer Pen Company. Fountain pen or similar article."
1742641412-2644,"Patent US-2942576, applied in 1955, by Richard J. Mansheim, W. A. Sheaffer Pen Company. Writing implement.",US-2942576,W. A. Sheaffer Pen Company,2644,US-2942576,1955,Richard J. Mansheim,A. Sheaffer Pen Company. Writing implement.
1742641412-2645,"Patent GB-842854, applied in 1955, by Derrick John Silver, Mentmore. Improvements in or relating to reservoir writing instruments.",GB-842854,Mentmore,2645,GB-842854,1955,Derrick John Silver,Improvements in or relating to reservoir writing instruments.
1742641412-2646,"Patent US-D188637, applied in 1959, by Homer T. Green, The Parker Pen Company. Writing instrument.",US-D188637,The Parker Pen Company,2646,US-D188637,1959,Homer T. Green,Writing instrument.
1742641412-2647,"Patent US-2949887, applied in 1956, by Elmer D. Thompson et al, W. A. Sheaffer Pen Company. Writing instrument.",US-2949887,W. A. Sheaffer Pen Company,2647,US-2949887,1956,Elmer D. Thompson et al,A. Sheaffer Pen Company. Writing instrument.
1742641412-2648,"Patent US-2949888, applied in 1955, by Lynn P. Martin, W. A. Sheaffer Pen Company. Writing implement.",US-2949888,W. A. Sheaffer Pen Company,2648,US-2949888,1955,Lynn P. Martin,A. Sheaffer Pen Company. Writing implement.
1742641412-2649,"Patent US-2951465, applied in 1955, by Karl Weisser, Morris Levy, Wearever. Retractable writing instrument.",US-2951465,Wearever,2649,US-2951465,1955,Karl Weisser,Retractable writing instrument.
1742641412-2650,"Patent US-2956548, applied in 1958, by Roger Perraud, JiF, Waterman. Fountain pen.",US-2956548,JiF,2650,US-2956548,1958,Roger Perraud,Fountain pen.
1742641412-2651,"Patent DE-1092808, applied in 1957, by Schau Wilhelm, Compaktor. Druckmechanismus.",DE-1092808,Compaktor,2651,DE-1092808,1957,Schau Wilhelm,Druckmechanismus.
1742641412-2652,"Patent US-2961999, applied in 1953, by Aldo Torchi, Fabbrica Italiana Penne a Serbatoio Aurora. Fountain Pens.",US-2961999,Fabbrica Italiana Penne a Serbatoio Aurora,2652,US-2961999,1953,Aldo Torchi,Fountain Pens.
1742641412-2653,"Patent CH-350570, applied in 1955, by Josef C. Lamy, Lamy. Füllhalter.",CH-350570,Lamy,2653,CH-350570,1955,Josef C. Lamy,Füllhalter.
1742641412-2654,"Patent US-2964012, applied in 1956, by Julius M. Kahn, Morris Levy, Wearever. Writing instrument.",US-2964012,Wearever,2654,US-2964012,1956,Julius M. Kahn,Writing instrument.
1742641412-2655,"Patent CH-351863, applied in 1958, by Roger Perraud, JiF, Waterman. Porte-plume réservoir.",CH-351863,JiF,2655,CH-351863,1958,Roger Perraud,Porte-plume réservoir.
1742641412-2656,"Patent GB-860294, applied in 1957, Pilot. Fountain pen.",GB-860294,Pilot,2656,,,,
1742641412-2657,"Patent DE-974635, applied in 1950, by Josef C. Lamy, Lamy. Verfahren zum Herstellen von Fuellhalterschaeften aus thermoplastischen Kunststoffen mit zum Teil durchsichtigem Tintenraum.",DE-974635,Lamy,2657,DE-974635,1950,Josef C. Lamy,Verfahren zum Herstellen von Fuellhalterschaeften aus thermoplastischen Kunststoffen mit zum Teil durchsichtigem Tintenraum.
1742641412-2658,"Patent US-2979030, applied in 1957, by William J. Harrington, The Parker Pen Company. Writing instruments.",US-2979030,The Parker Pen Company,2658,US-2979030,1957,William J. Harrington,Writing instruments.
1742641412-2659,"Patent CH-353996, applied in 1958, by Derrick John Silver, Mentmore. Plume à réservoir.",CH-353996,Mentmore,2659,CH-353996,1958,Derrick John Silver,Plume à réservoir.
1742641412-2660,"Patent US-2983254, applied in 1958, by Derrick John Silver, Mentmore. Fountain pens.",US-2983254,Mentmore,2660,US-2983254,1958,Derrick John Silver,Fountain pens.
1742641412-2661,"Patent US-2986119, applied in 1956, by Ernst Rösler, Konrad Kressel, Montblanc. Writing instruments.",US-2986119,Montblanc,2661,US-2986119,1956,Ernst Rösler,Writing instruments.
1742641412-2662,"Patent US-2987044, applied in 1955, by Donald H. Young, Waterman. Fountain pen nib mounting.",US-2987044,Waterman,2662,US-2987044,1955,Donald H. Young,Fountain pen nib mounting.
1742641412-2663,"Patent US-D191555, applied in 1958, by Kenneth Parker, The Parker Pen Company. Fountain pen.",US-D191555,The Parker Pen Company,2663,US-D191555,1958,Kenneth Parker,Fountain pen.
1742641412-2664,"Patent GB-885374, applied in 1958, by Herbert Gesaja Ochs, Conway Stewart. Improvements in or relating to Fountain Pens.",GB-885374,Conway Stewart,2664,GB-885374,1958,Herbert Gesaja Ochs,Improvements in or relating to Fountain Pens.
1742641412-2665,"Patent GB-885375, applied in 1958, by Herbert Gesaja Ochs, Conway Stewart. Improvements in or relating to Fountain Pens.",GB-885375,Conway Stewart,2665,GB-885375,1958,Herbert Gesaja Ochs,Improvements in or relating to Fountain Pens.
1742641412-2666,"Patent GB-896958, applied in 1960, by Ryujiro Uchida, Pilot. Improvements in or relating to fountain pens.",GB-896958,Pilot,2666,GB-896958,1960,Ryujiro Uchida,Improvements in or relating to fountain pens.
1742641412-2667,"Patent US-3038506, applied in 1961, by Robert L. Kuranz, The Parker Pen Company. Filler device for fountain pens.",US-3038506,The Parker Pen Company,2667,US-3038506,1961,Robert L. Kuranz,Filler device for fountain pens.
1742641412-2668,"Patent FR-1296072, applied in 1961, Stylomine. Nouveau régulateur d'arrivée d'encre à la plume des porte-plume à réservoir.",FR-1296072,Stylomine,2668,,,,
1742641412-2669,"Patent US-3041693, applied in 1960, by Albert E. Simon Jr., Harold E. Steinberg, Esterbrook. Clip mountings for fountain pens.",US-3041693,Esterbrook,2669,US-3041693,1960,Albert E. Simon Jr.,"Steinberg, Esterbrook. Clip mountings for fountain pens."
1742641412-2670,"Patent GB-903559, applied in 1957, by Derrick John Silver, Mentmore. Improvements in or relating to fountain pens.",GB-903559,Mentmore,2670,GB-903559,1957,Derrick John Silver,Improvements in or relating to fountain pens.
1742641412-2671,"Patent GB-903560, applied in 1957, by Derrick John Silver, Mentmore. Improvements in or relating to fountain pens.",GB-903560,Mentmore,2671,GB-903560,1957,Derrick John Silver,Improvements in or relating to fountain pens.
1742641412-2672,"Patent US-D194412, applied in 1960, by Wilhelm Karl Friedrich Grube, Friedrich Otto Grube, Kaweco. Fountain pen or the like.",US-D194412,Kaweco,2672,US-D194412,1960,Wilhelm Karl Friedrich Grube,Fountain pen or the like.
1742641412-2673,"Patent DE-1865842U, applied in 1962, Geha. Gerät zum Durchspülen des Tintenleiters eines Füllhalters für auswechselbare Tintenpatronen.",DE-1865842U,Geha,2673,,,,
1742641412-2674,"Patent DE-1145054, applied in 1955, by Umberto Legnani, LUS. Fountain-pen.",DE-1145054,LUS,2674,DE-1145054,1955,Umberto Legnani,Fountain-pen.
1742641412-2675,"Patent US-3087464, applied in 1959, by Frederick R. Wittnebert, Clemens A. Sonntag, The Parker Pen Company. Modular fountain pen.",US-3087464,The Parker Pen Company,2675,US-3087464,1959,Frederick R. Wittnebert,"Sonntag, The Parker Pen Company. Modular fountain pen."
1742641412-2676,"Patent GB-927251, applied in 1958, by Derrick John Silver, Mentmore. Improvements in or relating to fountain pens.",GB-927251,Mentmore,2676,GB-927251,1958,Derrick John Silver,Improvements in or relating to fountain pens.
1742641412-2677,"Patent US-D195385, applied in 1960, by Homer T. Green, The Parker Pen Company. Fountain pen nib.",US-D195385,The Parker Pen Company,2677,US-D195385,1960,Homer T. Green,Fountain pen nib.
1742641412-2678,"Patent AT-229755, applied in 1960, by Theodor Kovacs, Günther Wagner - Pelikan. Füllfhalter.",AT-229755,Günther Wagner - Pelikan,2678,AT-229755,1960,Theodor Kovacs,Füllfhalter.
1742641412-2679,"Patent US-D196993, applied in 1961, by Homer T. Green, The Parker Pen Company. Writing instrument ink cartridge.",US-D196993,The Parker Pen Company,2679,US-D196993,1961,Homer T. Green,Writing instrument ink cartridge.
1742641412-2680,"Patent US-D205872, applied in 1961, by Kenneth Parker, The Parker Pen Company. Writing instrument.",US-D205872,The Parker Pen Company,2680,US-D205872,1961,Kenneth Parker,Writing instrument.
1742641412-2681,"Patent US-3116719, applied in 1962, by Derrick John Silver, Mentmore. Self-filling fountain pens.",US-3116719,Mentmore,2681,US-3116719,1962,Derrick John Silver,Self-filling fountain pens.
1742641412-2682,"Patent DE-1161500, applied in 1958, Geha. Schreibfeder für Füllhalter.",DE-1161500,Geha,2682,,,,
1742641412-2683,"Patent GB-948431, applied in 1958, by Derrick John Silver, Mentmore. Improvements in or relating to fountain pens.",GB-948431,Mentmore,2683,GB-948431,1958,Derrick John Silver,Improvements in or relating to fountain pens.
1742641412-2684,"Patent FR-1355256, applied in 1962, Pilot. Porte-plume à réservoir.",FR-1355256,Pilot,2684,,,,
1742641412-2685,"Patent US-3134362, applied in 1960, by Homer T. Green, The Parker Pen Company. Fountain pen.",US-3134362,The Parker Pen Company,2685,US-3134362,1960,Homer T. Green,Fountain pen.
1742641412-2686,"Patent FR-1374829, applied in 1963, Geha. Instrument d'écriture, notamment stylographe, dont la partie antérieure comporte des emplacements d'appui pour les doigts.",FR-1374829,Geha,2686,,,,
1742641412-2687,"Patent US-3154055, applied in 1960, by Ray A. Lawton, The Parker Pen Company. Fountain pen.",US-3154055,The Parker Pen Company,2687,US-3154055,1960,Ray A. Lawton,Fountain pen.
1742641412-2688,"Patent GB-975244, applied in 1962, Pilot. Porte-plume réservoir.",GB-975244,Pilot,2688,,,,
1742641412-2689,"Patent US-3175261, applied in 1963, by Hajime Ishida, Pilot. Clip mounting device for writing tools.",US-3175261,Pilot,2689,US-3175261,1963,Hajime Ishida,Clip mounting device for writing tools.
1742641412-2690,"Patent US-3203403, applied in 1962, by Yasuo Ikeda et al, Pilot. Fountain pen.",US-3203403,Pilot,2690,US-3203403,1962,Yasuo Ikeda et al,Fountain pen.
1742641412-2691,"Patent NL-300030, applied in 1963, Geha. Schrijfgereedschap.",NL-300030,Geha,2691,,,,
1742641412-2692,"Patent FR-1411807, applied in 1964, Bayard. Perfectionnement aux réservoirs de stylographes à cartouche perforable.",FR-1411807,Bayard,2692,,,,
1742641412-2693,"Patent DE-1924743U, applied in 1965, Geha. Füllhalter mit einer sein Abrollen von einer schrägen Ablegefläche verhindernden Oberflächengestaltung des Halterschaftes..",DE-1924743U,Geha,2693,,,,
1742641412-2694,"Patent DE-1925124U, applied in 1965, Geha. Schreibgerät, insbesondere Füllhalter, mit Fingeransatzstellen am Schreibgerätevorderteil.",DE-1925124U,Geha,2694,,,,
1742641412-2695,"Patent GB-1017342, applied in 1961, Fabbrica Italiana Penne a Serbatoio Aurora. Improvements in or relating to Synthetic-Material Cartridges for Liquids.",GB-1017342,Fabbrica Italiana Penne a Serbatoio Aurora,2695,,,,
1742641412-2696,"Patent GB-1017343, applied in 1961, Fabbrica Italiana Penne a Serbatoio Aurora. Improvements in or relating to the Manufacture of Containers of Elongated Shape.",GB-1017343,Fabbrica Italiana Penne a Serbatoio Aurora,2696,,,,
1742641412-2697,"Patent GB-1017991, applied in 1961, by Derrick John Silver, Mentmore. Improvements in self-filling fountain pen.",GB-1017991,Mentmore,2697,GB-1017991,1961,Derrick John Silver,Improvements in self-filling fountain pen.
1742641412-2698,"Patent DE-1213295, applied in 1957, Mentmore. Fuellfederhalter.",DE-1213295,Mentmore,2698,,,,
1742641412-2699,"Patent DE-1935399U, applied in 1966, Geha. Füllhalter-Schutzkappe mit einer inneren elastischen Dichtungskappe.",DE-1935399U,Geha,2699,,,,
1742641412-2700,"Patent DE-1935895U, applied in 1966, Geha. Gewindelos am Schreibende des Schaftes eines Schreibgerätes, z. B. eines Füllhalters festlegbare Schutzkappe.",DE-1935895U,Geha,2700,,,,
1742641412-2701,"Patent DE-1215025, applied in 1960, Geha. Füllfederhalter mit einer oder mehreren in den Füllfederhalterschaft auswechselbar eingesetzten Tintenpatronen.",DE-1215025,Geha,2701,,,,
1742641412-2702,"Patent CH-412627, applied in 1963, by Heinrich Hartmann, Geha. Schreibgerät mit Fingeransatzstellen aufweisendem Vorderteil.",CH-412627,Geha,2702,CH-412627,1963,Heinrich Hartmann,Schreibgerät mit Fingeransatzstellen aufweisendem Vorderteil.
1742641412-2703,"Patent GB-1039667, applied in 1964, by Edwards Ernest Ethelbert, Conway Stewart. Improvements in reservoir writing, drawing or marking instruments.",GB-1039667,Conway Stewart,2703,GB-1039667,1964,Edwards Ernest Ethelbert,"Improvements in reservoir writing, drawing or marking instruments."
1742641412-2704,"Patent CH-419896, applied in 1962, by Yasuo Ikeda et al, Pilot. Porte-plume réservoir.",CH-419896,Pilot,2704,CH-419896,1962,Yasuo Ikeda et al,Porte-plume réservoir.
1742641412-2705,"Patent DE-1947421U, applied in 1965, by Heinrich Hebborn, Walter Anweiler, Luxor. Patronenfüllhalter mit zentraler Schreibspitze.",DE-1947421U,Luxor,2705,DE-1947421U,1965,Heinrich Hebborn,Patronenfüllhalter mit zentraler Schreibspitze.
1742641412-2706,"Patent DE-1947423U, applied in 1966, by Heinrich Hebborn, Walter Anweiler, Luxor. Patronenfüllhalter mit zentraler Schreibspitze.",DE-1947423U,Luxor,2706,DE-1947423U,1966,Heinrich Hebborn,Patronenfüllhalter mit zentraler Schreibspitze.
1742641412-2707,"Patent US-3280797, applied in 1965, by Shunichi Nakata, Platinum. Retractable closure for pen casings.",US-3280797,Platinum,2707,US-3280797,1965,Shunichi Nakata,Retractable closure for pen casings.
1742641412-2708,"Patent US-3292593, applied in 1963, by Tetsuo Furuya, Pilot. Retractable nib fountain-pen.",US-3292593,Pilot,2708,US-3292593,1963,Tetsuo Furuya,Retractable nib fountain-pen.
1742641412-2709,"Patent US-3292596, applied in 1963, by Hajime Ishida, Pilot. Nib unit fixing device for writing pens.",US-3292596,Pilot,2709,US-3292596,1963,Hajime Ishida,Nib unit fixing device for writing pens.
1742641412-2710,"Patent GB-1058094, applied in 1964, by Edwards Ernest Ethelbert, Conway Stewart. Improvements in and relating to paper clips.",GB-1058094,Conway Stewart,2710,GB-1058094,1964,Edwards Ernest Ethelbert,Improvements in and relating to paper clips.
1742641412-2711,"Patent DE-1234578, applied in 1958, JiF, Waterman. Fuellfederhalter mit Tintensack und diesen zusammenpressendem gewoelbtem Druckstueck.",DE-1234578,JiF,2711,,,,
1742641412-2712,"Patent DE-1237464, applied in 1961, Geha. Füllfederhalter mit einer oder mehreren in den Füllfederhalterschaft auswechselbar eingesetzten Tintenpatronen.",DE-1237464,Geha,2712,,,,
1742641412-2713,"Patent AT-253976, applied in 1963, Geha. Schreibgerät.",AT-253976,Geha,2713,,,,
1742641412-2714,"Patent FR-1531571, applied in 1961, Fabbrica Italiana Penne a Serbatoio Aurora. Perfectionnements aux cartouches en matière synthétique pour liquides, en particulier pour l'encre.",FR-1531571,Fabbrica Italiana Penne a Serbatoio Aurora,2714,,,,
1742641412-2715,"Patent DE-1274927, applied in 1962, by Yasuo Ikeda et al, Pilot. Kappenloser Fuellfederhalter.",DE-1274927,Pilot,2715,DE-1274927,1962,Yasuo Ikeda et al,Kappenloser Fuellfederhalter.
1742641412-2716,"Patent DE-1275410, applied in 1963, Geha. Füllhalter für Schreibanfänger.",DE-1275410,Geha,2716,,,,
1742641412-2717,"Patent US-3399946, applied in 1966, by Katsuji Iwasaki et al, Pilot. Retractable-nib, capless fountain pen.",US-3399946,Pilot,2717,US-3399946,1966,Katsuji Iwasaki et al,"Retractable-nib, capless fountain pen."
1742641412-2718,"Patent DE-1278284, applied in 1965, by Heinrich Hebborn, Walter Anweiler, Luxor. Patronenfüllhalter mit einer zentraler Schreibspitze.",DE-1278284,Luxor,2718,DE-1278284,1965,Heinrich Hebborn,Patronenfüllhalter mit einer zentraler Schreibspitze.
1742641412-2719,"Patent DE-1283704, applied in 1966, by Heinrich Hebborn, Walter Anweiler, Luxor. Patronenfüllhalter mit zentraler Schreibspitze.",DE-1283704,Luxor,2719,DE-1283704,1966,Heinrich Hebborn,Patronenfüllhalter mit zentraler Schreibspitze.
1742641412-2720,"Patent GB-1150333, applied in 1967, by Edwards Ernest Ethelbert, Conway Stewart. Improvements in and relating to ball-point pens.",GB-1150333,Conway Stewart,2720,GB-1150333,1967,Edwards Ernest Ethelbert,Improvements in and relating to ball-point pens.
1742641412-2721,"Patent US-3442597, applied in 1965, by Heinrich Hebborn, Walter Anweiler, Luxor. Fountain Pen.",US-3442597,Luxor,2721,US-3442597,1965,Heinrich Hebborn,Fountain Pen.
1742641412-2722,"Patent US-3532436, applied in 1966, by Fritz König, Montblanc. Feed bar for Fountain Pens.",US-3532436,Montblanc,2722,US-3532436,1966,Fritz König,Feed bar for Fountain Pens.
1742641412-2723,"Patent US-3539267, applied in 1968, by Josef C. Lamy, Lamy. Writing implement.",US-3539267,Lamy,2723,US-3539267,1968,Josef C. Lamy,Writing implement.
